 1.30640 1
 0.91751 1
 0.49312 1
 0.49312 0
 1.79859 1
 1.86360 1
 0.12313 1
 0.12313 0
 -0.19091 1
 1.82377 1
 0.63205 1
 0.63205 0
 1.23357 1
 0.62110 1
 0.80438 1
 0.02863 1
 0.38396 1
 0.38396 0
 0.28404 1
 0.90283 1
 0.90283 0
 1.45604 1
 1.45604 0
 2.67319 1
 2.24862 1
 1.95697 1
 0.47941 1
 0.47941 0
 -0.16869 1
 -0.55894 1
 0.01464 1
 -0.22046 1
 2.43035 1
 2.43035 0
 0.89371 1
 0.55981 1
 1.14118 1
 1.14118 0
 0.53655 1
 0.58384 1
 1.54225 1
 0.42639 1
 -0.04907 1
 -0.04907 0
 -0.25061 1
 1.30248 1
 0.67289 1
 1.64203 1
 0.90031 1
 0.11302 1
 0.38209 1
 2.75917 1
 2.75917 0
 2.67668 1
 3.32435 1
 1.97818 1
 2.16442 1
 2.73438 1
 2.73438 0
 1.80390 1
 1.98219 1
 1.63719 1
 1.63719 0
 0.51310 1
 0.17155 1
 0.92147 1
 0.92147 0
 0.97706 1
 0.90675 1
 0.56579 1
 0.57581 1
 0.90810 1
 1.39697 1
 0.76123 1
 0.28247 1
 0.73236 1
 -1.28463 1
 -0.76331 1
 0.00788 1
 0.00788 0
 0.40683 1
 2.00861 1
 1.65258 1
 0.96955 1
 2.93096 1
 3.88233 1
 3.23521 1
 2.82557 1
 0.98221 1
 0.12208 1
 0.12208 0
 -0.45222 1
 0.90982 1
 1.30629 1
 1.30629 0
 1.49660 1
 1.67123 1
 1.67123 0
 1.22205 1
 0.57995 1
 -0.07275 1
 0.15698 1
 -0.03244 1
 -0.03244 0
 0.99770 1
 -0.40773 1
 -0.27744 1
 1.27238 1
 1.46756 1
 1.46756 0
 1.46756 0
 1.46756 0
 1.46756 0
 1.28943 1
 0.01708 1
 0.06053 1
 -0.15593 1
 0.27618 1
 -0.19666 1
 -0.13953 1
 -0.17342 1
 -1.48123 1
 -1.44297 1
 -1.31146 1
 -1.31146 0
 -0.28244 1
 -0.28244 0
 -0.32698 1
 -0.32698 0
 -1.99601 1
 -1.34799 1
 -1.23490 1
 -1.23490 0
 -1.64320 1
 -0.35433 1
 0.20678 1
 -0.31194 1
 -0.35660 1
 -0.35660 0
 -0.90120 1
 -0.90120 0
 -0.54512 1
 -0.54512 0
 0.18107 1
 0.18107 0
 0.85382 1
 0.85382 0
 0.85382 0
 0.85382 0
 0.78788 1
 0.78788 0
 0.78788 0
 0.72205 1
 -0.28208 1
 -0.47115 1
 0.18268 1
 0.32244 1
 -1.43255 1
 -1.43255 0
 0.28059 1
 -0.25163 1
 -0.04091 1
 -0.04091 0
 0.00759 1
 1.36516 1
 0.76451 1
 2.24140 1
 2.24140 0
 2.24140 0
 1.82332 1
 2.73707 1
 1.20201 1
 2.34880 1
 2.34880 0
 1.52431 1
 0.17880 1
 0.17880 0
 0.17880 0
 0.17880 0
 0.17880 0
 1.64896 1
 1.13327 1
 1.13327 0
 1.56856 1
 0.96105 1
 0.98821 1
 1.68625 1
 0.58254 1
 0.15980 1
 0.66538 1
 1.09363 1
 0.43561 1
 1.73625 1
 2.32905 1
 2.96764 1
 2.96764 0
 2.05497 1
 0.94316 1
 2.39149 1
 2.39149 0
 2.39149 0
 0.57765 1
 0.57765 0
 2.29891 1
 1.11428 1
 1.13299 1
 2.50981 1
 0.40355 1
 0.43592 1
 0.43592 0
 0.43592 0
 1.04531 1
 0.91802 1
 0.71470 1
 0.71470 0
 0.71470 0
 -0.08298 1
 1.19008 1
 -0.21284 1
 -0.18935 1
 0.49982 1
 0.49982 0
 0.49982 0
 0.10712 1
 0.89439 1
 0.98670 1
 0.36114 1
 2.09842 1
 -0.12395 1
 -0.12395 0
 -0.20892 1
 -0.20892 0
 -0.20892 0
 1.33719 1
 2.11128 1
 1.57970 1
 2.07833 1
 1.75212 1
 1.88654 1
 0.92538 1
 0.92538 0
 0.92538 0
 0.92538 0
 0.61550 1
 0.61550 0
 1.80491 1
 2.18575 1
 2.99575 1
 3.04755 1
 2.30969 1
 2.67384 1
 2.67384 0
 2.67384 0
 2.67384 0
 1.75650 1
 0.20877 1
 0.16764 1
 0.21323 1
 0.34372 1
 1.42058 1
 1.42058 0
 1.57930 1
 1.57930 0
 1.26083 1
 0.68923 1
 1.78392 1
 2.08552 1
 2.15735 1
 2.15735 0
 2.30550 1
 1.20100 1
 1.50062 1
 0.51876 1
 0.69699 1
 1.63762 1
 -0.97542 1
 -0.97542 0
 0.18152 1
 0.40232 1
 0.40232 0
 -0.45419 1
 -0.14156 1
 0.41614 1
 0.01141 1
 -0.82300 1
 -0.62807 1
 -1.74589 1
 -2.65827 1
 -2.65827 0
 -2.55435 1
 -2.24082 1
 -0.01168 1
 0.20673 1
 -0.13586 1
 0.88995 1
 0.88995 0
 0.81951 1
 1.31972 1
 1.31972 0
 1.28396 1
 1.28396 0
 1.96293 1
 -0.54335 1
 -1.54451 1
 -2.33115 1
 -2.80679 1
 -1.61068 1
 -1.61068 0
 0.35732 1
 0.70164 1
 0.42507 1
 0.48439 1
 0.27029 1
 1.34083 1
 1.34083 0
 1.34083 0
 1.34083 0
 1.34083 0
 0.75536 1
 1.07761 1
 0.52124 1
 1.10507 1
 1.10507 0
 1.92696 1
 1.92696 0
 1.44163 1
 0.97438 1
 1.43141 1
 0.73840 1
 0.20734 1
 -0.43236 1
 -0.43236 0
 0.73604 1
 0.21363 1
 0.95730 1
 1.71439 1
 1.86895 1
 1.67345 1
 1.61589 1
 2.30744 1
 1.54732 1
 1.79376 1
 1.48247 1
 1.37109 1
 0.16878 1
 1.36604 1
 0.63361 1
 0.53256 1
 1.76472 1
 1.87935 1
 2.58202 1
 3.08250 1
 3.08250 0
 2.63555 1
 3.14143 1
 0.80374 1
 -0.14802 1
 -0.42201 1
 -0.42201 0
 -1.46889 1
 -0.80131 1
 -0.77379 1
 -0.11673 1
 0.07320 1
 0.27593 1
 0.27593 0
 2.06011 1
 2.06011 0
 1.38066 1
 1.73499 1
 1.98151 1
 1.98151 0
 1.42682 1
 1.42682 0
 1.42682 0
 1.42682 0
 0.81328 1
 1.45848 1
 1.45848 0
 3.31251 1
 4.01545 1
 5.47624 1
 5.47624 0
 3.86909 1
 3.50571 1
 4.49074 1
 4.79228 1
 3.74815 1
 3.12617 1
 3.30143 1
 2.39641 1
 2.02575 1
 2.55469 1
 2.50269 1
 1.75591 1
 0.27777 1
 0.27777 0
 -0.57013 1
 0.33834 1
 0.33834 0
 0.47693 1
 1.93643 1
 0.99207 1
 0.80791 1
 0.80791 0
 0.81102 1
 0.81102 0
 0.81102 0
 0.81102 0
 0.84705 1
 0.54296 1
 0.54296 0
 1.13111 1
 1.47914 1
 1.11074 1
 0.31929 1
 0.31929 0
 0.31929 0
 0.93835 1
 0.48076 1
 0.58762 1
 1.04530 1
 1.04530 0
 0.08931 1
 -0.37422 1
 -0.25108 1
 -1.21961 1
 -2.34411 1
 -2.34411 0
 -2.33920 1
 -2.26878 1
 -2.99684 1
 -1.66923 1
 -2.09567 1
 -1.32171 1
 -1.61651 1
 -1.61651 0
 0.19274 1
 0.19274 0
 0.90628 1
 0.90628 0
 0.42594 1
 1.67907 1
 1.58268 1
 1.96209 1
 2.05457 1
 1.26451 1
 1.26451 0
 1.26451 0
 1.26451 0
 1.22030 1
 1.22030 0
 0.26690 1
 -0.25786 1
 -0.40920 1
 1.08412 1
 2.26203 1
 2.26203 0
 1.61592 1
 0.77773 1
 0.59700 1
 0.59700 0
 -0.47286 1
 -0.99927 1
 -0.99927 0
 0.52887 1
 -0.49325 1
 -0.49325 0
 -0.49325 0
 -0.49325 0
 0.19297 1
 0.15705 1
 0.61982 1
 0.61982 0
 0.80910 1
 0.03809 1
 0.48663 1
 0.48663 0
 1.50254 1
 0.86281 1
 0.86281 0
 2.47810 1
 2.37879 1
 2.37879 0
 2.37879 0
 3.48792 1
 3.02971 1
 3.02971 0
 2.80843 1
 3.07046 1
 4.60096 1
 4.85290 1
 5.75223 1
 7.00358 1
 6.40887 1
 6.29186 1
 6.93428 1
 6.93428 0
 6.38834 1
 6.36188 1
 5.32260 1
 5.60459 1
 5.60459 0
 5.60459 0
 5.93079 1
 5.18775 1
 5.21151 1
 5.03860 1
 7.20732 1
 7.49859 1
 6.93346 1
 6.24778 1
 5.30842 1
 5.28104 1
 3.75649 1
 2.36164 1
 2.23657 1
 2.19476 1
 2.19476 0
 2.19476 0
 1.27576 1
 0.77423 1
 0.01220 1
 0.50531 1
 0.25923 1
 0.25900 1
 0.96998 1
 0.60493 1
 1.24336 1
 1.82406 1
 2.62062 1
 1.15147 1
 1.71008 1
 1.26953 1
 1.02164 1
 0.23290 1
 1.46117 1
 1.05315 1
 1.05315 0
 1.05315 0
 1.15105 1
 0.99174 1
 0.99174 0
 0.85015 1
 0.85015 0
 0.49200 1
 -0.36272 1
 -0.36272 0
 -0.36272 0
 1.70550 1
 0.94974 1
 1.91559 1
 3.40441 1
 4.32219 1
 3.79786 1
 3.79786 0
 4.33897 1
 3.52760 1
 3.97374 1
 3.94551 1
 3.47092 1
 3.36734 1
 3.99814 1
 3.86273 1
 3.87281 1
 4.23672 1
 4.23672 0
 4.37076 1
 4.87776 1
 5.28064 1
 5.28064 0
 5.04205 1
 6.05804 1
 7.08942 1
 7.08942 0
 5.55981 1
 4.28801 1
 3.83154 1
 1.37515 1
 2.60171 1
 2.47676 1
 1.22054 1
 1.22054 0
 0.23951 1
 0.03771 1
 1.31809 1
 1.32682 1
 1.32682 0
 1.24953 1
 1.24953 0
 1.82664 1
 0.74576 1
 1.00215 1
 1.29749 1
 1.48910 1
 0.75740 1
 0.78858 1
 1.67176 1
 1.99407 1
 2.15526 1
 1.46095 1
 2.62967 1
 2.62967 0
 2.62967 0
 2.94060 1
 2.94060 0
 3.32952 1
 2.24138 1
 2.44910 1
 1.81100 1
 0.23531 1
 1.96920 1
 1.82352 1
 1.82352 0
 1.82352 0
 -0.04578 1
 1.72370 1
 1.91973 1
 1.91973 0
 0.71230 1
 0.56272 1
 0.56272 0
 0.97469 1
 0.97469 0
 1.59499 1
 0.23518 1
 -0.37073 1
 0.39188 1
 1.56988 1
 1.56988 0
 1.46156 1
 1.25863 1
 0.94565 1
 1.37627 1
 1.08627 1
 1.45682 1
 1.39927 1
 0.88181 1
 0.88181 0
 2.20175 1
 2.36510 1
 2.36510 0
 1.80165 1
 1.80165 0
 2.50614 1
 1.01926 1
 1.41714 1
 1.41714 0
 1.27141 1
 1.27141 0
 2.32994 1
 2.32994 0
 2.32994 0
 1.83471 1
 1.83471 0
 1.83471 0
 2.69125 1
 3.89073 1
 3.89073 0
 4.52988 1
 5.75546 1
 5.75546 0
 5.65901 1
 5.23270 1
 5.28450 1
 5.28450 0
 5.28450 0
 7.12901 1
 6.78375 1
 6.78375 0
 7.15990 1
 7.15990 0
 8.42754 1
 8.24111 1
 8.24111 0
 7.74835 1
 9.12512 1
 7.35095 1
 6.92176 1
 6.49751 1
 5.58653 1
 7.03857 1
 7.03857 0
 5.86758 1
 6.10717 1
 6.10717 0
 5.71879 1
 5.63124 1
 5.63608 1
 4.80122 1
 4.51067 1
 4.40594 1
 3.71105 1
 2.35998 1
 2.35998 0
 2.14973 1
 1.33061 1
 0.59356 1
 1.90282 1
 -0.48464 1
 -0.48464 0
 -1.83524 1
 -1.85270 1
 -0.66887 1
 -0.66887 0
 0.50830 1
 1.65607 1
 0.91794 1
 0.91794 0
 0.91794 0
 1.30413 1
 0.82119 1
 0.78396 1
 -0.01247 1
 0.57567 1
 0.88376 1
 1.28052 1
 0.09396 1
 0.09396 0
 0.09396 0
 -0.32677 1
 0.84397 1
 0.84397 0
 1.06459 1
 -0.07688 1
 0.63119 1
 0.63119 0
 0.76941 1
 0.76941 0
 0.13637 1
 -0.27239 1
 -1.54097 1
 -1.19784 1
 0.76175 1
 0.76175 0
 0.76175 0
 0.76175 0
 1.49647 1
 2.00590 1
 0.72259 1
 0.13788 1
 0.13788 0
 0.13788 0
 -0.07627 1
 -0.95883 1
 -0.91164 1
 1.27329 1
 1.27329 0
 0.87030 1
 1.08133 1
 1.10112 1
 1.60784 1
 1.60784 0
 -0.00679 1
 -0.82809 1
 -0.36814 1
 -1.67967 1
 -1.42621 1
 -0.66084 1
 1.70003 1
 1.34513 1
 0.54449 1
 0.30624 1
 0.49590 1
 0.99900 1
 1.27549 1
 0.84653 1
 0.56502 1
 0.44534 1
 0.44534 0
 0.44534 0
 0.44534 0
 0.34513 1
 1.89434 1
 1.37390 1
 1.37390 0
 0.94844 1
 1.44271 1
 0.81840 1
 1.03669 1
 0.91240 1
 0.95950 1
 0.95950 0
 -0.36167 1
 1.11142 1
 1.11142 0
 2.13140 1
 2.27781 1
 2.27781 0
 1.06931 1
 1.06936 1
 0.78843 1
 0.66146 1
 0.66146 0
 0.78931 1
 0.20619 1
 0.20619 0
 1.71035 1
 1.71035 0
 1.26773 1
 -0.84754 1
 -0.99010 1
 -0.94504 1
 -0.06381 1
 0.04341 1
 0.04341 0
 -0.25709 1
 -0.25709 0
 -0.36932 1
 -0.36932 0
 0.68096 1
 0.68096 0
 0.63114 1
 0.10029 1
 0.10029 0
 -1.03911 1
 -1.61879 1
 -1.62962 1
 -1.62962 0
 -1.62962 0
 -1.62962 0
 -1.62962 0
 -1.76088 1
 0.38575 1
 0.38575 0
 -0.32293 1
 0.25363 1
 0.25363 0
 0.25363 0
 0.25363 0
 0.95826 1
 0.53918 1
 0.53918 0
 0.49200 1
 0.59189 1
 -0.21987 1
 -0.21987 0
 -0.21987 0
 -0.21987 0
 -0.06685 1
 0.71672 1
 1.67618 1
 2.27143 1
 2.78442 1
 2.47126 1
 2.47126 0
 2.15313 1
 2.09299 1
 2.62445 1
 2.35607 1
 1.41947 1
 0.78628 1
 0.39168 1
 -0.13519 1
 -0.51348 1
 0.86032 1
 0.86032 0
 0.86032 0
 1.90663 1
 3.09112 1
 2.72742 1
 3.46062 1
 3.46062 0
 2.90478 1
 2.90478 0
 3.46619 1
 2.42981 1
 2.73062 1
 2.35450 1
 1.20894 1
 1.12791 1
 1.12791 0
 1.12791 0
 0.59064 1
 0.55403 1
 0.55403 0
 -0.09493 1
 1.96189 1
 2.21052 1
 2.21052 0
 2.24515 1
 2.24515 0
 2.13585 1
 1.83762 1
 1.02365 1
 -0.43327 1
 1.03480 1
 0.88763 1
 0.88763 0
 0.81936 1
 0.81936 0
 0.06139 1
 0.50243 1
 0.50243 0
 0.50243 0
 0.63550 1
 2.23348 1
 2.23348 0
 2.31723 1
 0.29990 1
 1.41060 1
 2.54581 1
 2.75422 1
 2.75422 0
 1.11976 1
 0.06220 1
 0.06220 0
 1.95629 1
 1.23857 1
 1.28795 1
 0.61405 1
 0.22087 1
 2.23152 1
 1.78560 1
 0.74769 1
 0.47629 1
 1.72026 1
 2.90596 1
 2.17575 1
 1.48246 1
 1.04256 1
 1.04256 0
 -0.17209 1
 -0.17209 0
 0.07483 1
 2.31562 1
 1.61671 1
 3.27863 1
 3.03745 1
 3.03745 0
 2.70576 1
 2.70576 0
 1.85110 1
 2.72630 1
 0.93871 1
 0.01242 1
 0.54275 1
 0.98369 1
 1.09622 1
 2.12793 1
 2.12793 0
 2.12793 0
 1.84276 1
 1.54375 1
 1.54375 0
 1.05248 1
 0.24339 1
 0.24339 0
 0.78689 1
 0.78689 0
 1.39019 1
 1.10033 1
 1.10033 0
 1.12846 1
 1.12846 0
 0.79331 1
 0.77130 1
 0.48377 1
 1.18060 1
 1.18060 0
 0.40558 1
 1.20116 1
 1.20116 0
 1.20116 0
 0.38366 1
 -0.12897 1
 2.23648 1
 2.23648 0
 1.30963 1
 1.30963 0
 1.27915 1
 1.74910 1
 1.74910 0
 1.25973 1
 -0.19016 1
 0.60715 1
 0.57321 1
 0.17556 1
 0.17556 0
 -0.43421 1
 -0.19810 1
 -0.49613 1
 -1.12627 1
 -1.72648 1
 -1.72648 0
 -1.75545 1
 -0.83050 1
 0.04928 1
 0.71024 1
 0.71024 0
 1.12827 1
 2.04582 1
 0.62926 1
 1.27884 1
 1.27884 0
 0.40980 1
 0.36226 1
 0.41505 1
 0.59336 1
 0.59336 0
 0.59336 0
 0.51554 1
 -0.28191 1
 0.12584 1
 0.12584 0
 -0.13719 1
 0.66878 1
 0.43069 1
 0.43069 0
 0.52389 1
 0.12580 1
 -0.13479 1
 -0.76259 1
 1.32023 1
 1.82411 1
 2.00654 1
 0.72632 1
 1.01274 1
 2.48621 1
 1.51670 1
 2.98021 1
 3.08809 1
 1.84290 1
 2.00690 1
 1.40688 1
 1.56540 1
 1.00679 1
 1.00679 0
 1.13745 1
 1.89911 1
 1.56836 1
 1.56836 0
 0.55498 1
 0.38028 1
 0.17071 1
 -1.53388 1
 -3.05763 1
 -2.10712 1
 -0.99257 1
 -1.07206 1
 -1.07206 0
 -0.65882 1
 0.52946 1
 0.37796 1
 0.37796 0
 0.37796 0
 0.37796 0
 0.37796 0
 0.37796 0
 0.69811 1
 1.13931 1
 1.13931 0
 1.29304 1
 1.64627 1
 2.33639 1
 2.33639 0
 2.33639 0
 0.28771 1
 0.52431 1
 0.52431 0
 0.76678 1
 0.87481 1
 0.87481 0
 0.87481 0
 1.05694 1
 1.18108 1
 1.11809 1
 0.92039 1
 0.92039 0
 0.18827 1
 0.33531 1
 0.21856 1
 -0.86180 1
 -0.94087 1
 -0.94087 0
 -0.18516 1
 0.66353 1
 0.49224 1
 0.11221 1
 0.65445 1
 0.65445 0
 0.65445 0
 0.65445 0
 0.80786 1
 -0.02869 1
 1.95977 1
 0.83297 1
 0.10942 1
 0.10942 0
 1.41112 1
 1.94923 1
 1.03268 1
 1.03268 0
 0.61302 1
 0.87973 1
 1.89386 1
 1.89386 0
 1.89386 0
 1.89386 0
 1.89386 0
 2.04464 1
 2.54956 1
 2.95938 1
 2.22027 1
 3.45643 1
 3.45643 0
 2.37270 1
 0.76184 1
 0.59797 1
 0.51259 1
 1.41903 1
 1.27430 1
 0.69604 1
 0.69604 0
 0.55139 1
 1.37922 1
 -0.15824 1
 -0.15824 0
 -0.15824 0
 -0.21395 1
 1.09623 1
 1.09623 0
 1.71728 1
 0.32622 1
 0.96451 1
 1.41484 1
 1.07791 1
 1.35101 1
 1.35101 0
 1.39146 1
 1.39146 0
 0.71388 1
 0.71388 0
 0.71388 0
 0.17651 1
 -0.02242 1
 -0.86666 1
 -1.18626 1
 -1.18626 0
 -1.18626 0
 -0.14041 1
 -0.14916 1
 0.34923 1
 1.17185 1
 1.64609 1
 1.87517 1
 2.39698 1
 2.39698 0
 1.65961 1
 0.53629 1
 0.89133 1
 0.89133 0
 1.40474 1
 0.97943 1
 1.40632 1
 0.72908 1
 0.72908 0
 0.72908 0
 0.59058 1
 0.48141 1
 0.70475 1
 1.42351 1
 1.42351 0
 1.38677 1
 1.44889 1
 0.31826 1
 -0.15427 1
 -0.15427 0
 2.10731 1
 1.23071 1
 1.23071 0
 1.23071 0
 0.26302 1
 0.08889 1
 1.68653 1
 1.58957 1
 2.22949 1
 2.04041 1
 2.39583 1
 2.39583 0
 1.86797 1
 1.86797 0
 1.86797 0
 1.45141 1
 0.61667 1
 0.61667 0
 0.61667 0
 0.95056 1
 0.95056 0
 1.26043 1
 1.26043 0
 1.26043 0
 1.07329 1
 0.41810 1
 0.41810 0
 1.61465 1
 0.54664 1
 0.87083 1
 -0.84812 1
 -2.01094 1
 -0.95906 1
 -0.71572 1
 -0.71572 0
 -0.98627 1
 -0.43949 1
 -0.50720 1
 0.17629 1
 0.17629 0
 -0.88820 1
 -0.88820 0
 -0.88820 0
 -1.51170 1
 -1.51170 0
 -0.91360 1
 -1.34926 1
 -1.34926 0
 0.43767 1
 1.30839 1
 1.30839 0
 0.77378 1
 1.41337 1
 1.41337 0
 0.05018 1
 0.05018 0
 1.68067 1
 1.15235 1
 1.97295 1
 1.97295 0
 0.96103 1
 1.41112 1
 1.41112 0
 1.36118 1
 0.63986 1
 -0.02435 1
 -0.02435 0
 1.79903 1
 1.79903 0
 1.79903 0
 2.05375 1
 1.96407 1
 1.07207 1
 0.80469 1
 1.55001 1
 1.09786 1
 0.11783 1
 0.74294 1
 1.12726 1
 1.39220 1
 0.12055 1
 0.12055 0
 0.83378 1
 -0.21858 1
 0.92044 1
 -0.15656 1
 -0.03484 1
 -0.88315 1
 -0.88315 0
 -0.28204 1
 -0.51430 1
 -0.51430 0
 -1.02593 1
 -1.19821 1
 -0.66474 1
 -0.17591 1
 -0.17591 0
 1.01370 1
 1.01370 0
 1.01370 0
 1.65899 1
 2.16955 1
 2.35430 1
 1.36159 1
 1.36159 0
 1.36159 0
 0.88738 1
 2.39432 1
 2.39432 0
 2.44120 1
 2.24548 1
 2.24548 0
 2.24548 0
 2.24548 0
 2.24548 0
 2.24548 0
 3.10352 1
 3.26619 1
 3.11452 1
 3.11452 0
 3.11452 0
 3.11452 0
 3.11452 0
 3.11452 0
 2.79268 1
 1.75487 1
 1.75487 0
 0.90349 1
 0.52909 1
 0.45649 1
 -0.27088 1
 -0.27088 0
 1.24149 1
 0.37365 1
 1.87075 1
 2.07035 1
 2.37207 1
 2.37207 0
 2.65271 1
 2.06451 1
 2.18823 1
 2.18823 0
 2.09918 1
 2.66480 1
 1.76412 1
 1.76412 0
 0.61652 1
 0.61652 0
 1.33611 1
 1.04230 1
 1.04230 0
 1.04230 0
 1.04230 0
 1.92115 1
 1.92115 0
 1.44790 1
 1.44790 0
 0.57427 1
 1.64297 1
 1.64297 0
 1.36328 1
 -0.13339 1
 0.11869 1
 0.53484 1
 2.01525 1
 1.99261 1
 1.99261 0
 0.33080 1
 1.88535 1
 1.00690 1
 1.00690 0
 0.09445 1
 1.33220 1
 0.86270 1
 0.69323 1
 0.14952 1
 -0.66918 1
 0.05684 1
 0.86376 1
 0.96606 1
 0.96606 0
 -0.20731 1
 -0.34514 1
 -0.07331 1
 -0.03036 1
 -0.03036 0
 -0.28032 1
 0.54603 1
 0.54603 0
 1.40537 1
 0.41027 1
 0.41027 0
 -0.32732 1
 -0.36851 1
 -0.70425 1
 -2.07524 1
 -2.57611 1
 -0.49142 1
 0.44018 1
 0.44018 0
 0.82581 1
 0.82581 0
 0.21298 1
 1.84610 1
 1.67539 1
 1.25459 1
 1.25459 0
 0.61872 1
 0.36560 1
 0.36560 0
 1.28159 1
 1.70858 1
 1.70858 0
 1.86420 1
 1.57894 1
 1.57894 0
 0.85069 1
 1.36423 1
 1.77302 1
 1.67202 1
 1.67202 0
 0.43509 1
 0.45622 1
 0.54797 1
 -0.00414 1
 0.16965 1
 -0.70632 1
 -0.70632 0
 1.11265 1
 1.06221 1
 1.06221 0
 0.27012 1
 1.49487 1
 0.40833 1
 1.58010 1
 1.58010 0
 0.50478 1
 0.50478 0
 1.02662 1
 -0.16466 1
 0.55663 1
 0.55663 0
 0.20867 1
 0.20867 0
 0.20867 0
 0.20867 0
 -0.90644 1
 -0.71552 1
 -0.75770 1
 0.09417 1
 -0.24362 1
 2.35293 1
 2.35293 0
 1.01132 1
 0.63739 1
 0.63739 0
 0.63739 0
 0.54480 1
 0.96884 1
 0.98742 1
 0.98742 0
 2.05443 1
 2.46595 1
 2.96647 1
 2.74255 1
 2.00793 1
 0.57127 1
 0.57127 0
 0.43586 1
 -0.25175 1
 -0.13672 1
 -0.13672 0
 -0.13886 1
 -0.25401 1
 0.10092 1
 0.10092 0
 0.10092 0
 1.22759 1
 2.38854 1
 2.38854 0
 1.51797 1
 0.86875 1
 -0.03023 1
 -0.24292 1
 -3.28773 1
 -4.29283 1
 -3.45357 1
 -3.25007 1
 -2.79418 1
 -2.93621 1
 -1.88243 1
 -1.88243 0
 -1.88243 0
 -2.40481 1
 -1.08095 1
 -0.57252 1
 0.20279 1
 1.53085 1
 1.50679 1
 0.77450 1
 0.77450 0
 0.77450 0
 1.85321 1
 1.85321 0
 1.85321 0
 0.72411 1
 0.72411 0
 0.07498 1
 0.07498 0
 1.19993 1
 1.19993 0
 0.15472 1
 0.15472 0
 1.43517 1
 1.43517 0
 1.43517 0
 0.98918 1
 0.98918 0
 0.66139 1
 0.66139 0
 0.88120 1
 0.88120 0
 1.39916 1
 0.36762 1
 0.36762 0
 0.46494 1
 -0.57651 1
 -0.92008 1
 -0.53574 1
 -0.53574 0
 -0.16636 1
 -0.53698 1
 -0.53698 0
 -1.95898 1
 -1.98563 1
 -1.79183 1
 -1.79183 0
 -1.41291 1
 -1.41291 0
 -0.66782 1
 0.27194 1
 0.23389 1
 0.23389 0
 0.62316 1
 0.94537 1
 0.94537 0
 1.01993 1
 -0.02638 1
 0.55740 1
 1.32166 1
 1.32166 0
 0.94782 1
 0.94782 0
 0.60325 1
 0.60325 0
 0.60325 0
 0.60325 0
 0.60325 0
 0.59375 1
 0.60041 1
 0.60041 0
 0.60041 0
 0.82032 1
 0.10870 1
 0.94148 1
 0.47929 1
 0.13672 1
 0.13672 0
 0.82567 1
 0.82567 0
 0.36541 1
 -0.57088 1
 -0.57088 0
 0.02809 1
 0.02809 0
 -0.63952 1
 -0.43011 1
 0.76095 1
 1.11061 1
 1.00845 1
 2.81898 1
 2.81898 0
 2.81898 0
 1.29706 1
 1.20208 1
 0.53429 1
 0.02881 1
 0.02881 0
 0.75290 1
 -1.09591 1
 -0.38270 1
 0.82157 1
 0.81678 1
 1.77251 1
 2.56030 1
 2.35844 1
 3.14680 1
 3.14680 0
 3.33019 1
 3.33019 0
 2.91897 1
 2.91897 0
 2.95062 1
 2.95062 0
 2.65733 1
 2.65733 0
 2.65733 0
 2.31447 1
 2.34061 1
 1.69524 1
 1.66122 1
 0.66119 1
 1.46462 1
 1.46462 0
 0.79882 1
 1.37099 1
 1.58330 1
 0.94049 1
 1.45900 1
 1.07097 1
 0.75702 1
 0.75702 0
 0.75702 0
 0.80297 1
 0.80297 0
 1.17057 1
 1.17057 0
 2.34432 1
 2.27736 1
 2.27736 0
 2.27736 0
 2.03532 1
 2.23000 1
 2.03055 1
 2.05496 1
 2.05496 0
 1.51025 1
 1.51025 0
 0.82471 1
 1.62005 1
 0.87028 1
 1.38383 1
 0.18735 1
 1.54690 1
 2.23542 1
 2.23542 0
 2.23542 0
 2.23542 0
 2.23542 0
 1.96170 1
 1.04872 1
 0.97524 1
 0.79607 1
 0.44371 1
 0.33045 1
 0.33045 0
 0.33045 0
 0.20492 1
 0.82302 1
 0.46068 1
 0.46068 0
 0.93341 1
 -0.19838 1
 -0.19838 0
 -0.19838 0
 -0.41450 1
 0.11842 1
 0.35967 1
 0.71216 1
 0.45049 1
 0.23330 1
 -0.28131 1
 -0.28131 0
 -1.95913 1
 -2.57972 1
 -1.80418 1
 -2.77151 1
 -2.13915 1
 -2.13915 0
 -1.58752 1
 -2.33940 1
 -2.22069 1
 -3.45683 1
 -2.55131 1
 -1.70569 1
 -0.75139 1
 -1.58953 1
 -1.58953 0
 -1.58953 0
 -0.97410 1
 -1.41672 1
 -1.41672 0
 -1.41672 0
 -1.34813 1
 -1.34813 0
 -2.49820 1
 -2.49820 0
 -2.01498 1
 -0.08281 1
 0.66749 1
 -0.85871 1
 -0.93027 1
 -0.93027 0
 -0.93027 0
 -1.51424 1
 -1.51424 0
 -0.68382 1
 -0.75201 1
 -0.75201 0
 -0.75201 0
 0.14007 1
 0.55006 1
 1.23949 1
 0.23799 1
 0.23799 0
 0.23799 0
 0.21654 1
 0.47043 1
 0.47043 0
 0.47043 0
 -0.31903 1
 -0.00326 1
 0.72166 1
 0.72166 0
 1.01782 1
 1.35450 1
 0.62449 1
 0.62449 0
 1.54863 1
 1.54863 0
 0.97899 1
 1.42021 1
 1.42021 0
 1.25689 1
 1.86224 1
 0.30200 1
 0.30200 0
 1.16611 1
 1.65025 1
 1.78370 1
 2.79380 1
 2.28742 1
 2.59952 1
 3.04946 1
 3.04946 0
 1.23312 1
 1.23312 0
 -0.08998 1
 0.23547 1
 0.28074 1
 -0.47761 1
 -0.38286 1
 -0.38286 0
 -0.38286 0
 0.45423 1
 0.75472 1
 0.47795 1
 2.32101 1
 2.32101 0
 2.19490 1
 2.31082 1
 2.31082 0
 2.62877 1
 2.93274 1
 3.17394 1
 3.17394 0
 4.70249 1
 4.36003 1
 4.60426 1
 4.16062 1
 2.29632 1
 1.57938 1
 1.50228 1
 0.52328 1
 0.52328 0
 0.28435 1
 0.24624 1
 1.67799 1
 1.02174 1
 1.36196 1
 1.36196 0
 1.36196 0
 0.90414 1
 1.40444 1
 2.57971 1
 2.57971 0
 2.61202 1
 2.61202 0
 2.55768 1
 1.34396 1
 0.77162 1
 0.77162 0
 -0.15480 1
 0.42768 1
 0.58547 1
 0.31400 1
 0.14138 1
 0.14138 0
 0.14138 0
 -0.02630 1
 0.34622 1
 0.34622 0
 0.95557 1
 0.95557 0
 1.65998 1
 1.53393 1
 1.97958 1
 2.67258 1
 2.02064 1
 2.02064 0
 2.02064 0
 2.02064 0
 0.25705 1
 -0.16964 1
 -0.79066 1
 -0.79066 0
 -1.06506 1
 -0.61298 1
 -0.25645 1
 -0.59757 1
 -0.59757 0
 0.71710 1
 1.13550 1
 1.28698 1
 2.18215 1
 1.65683 1
 2.07416 1
 2.60204 1
 1.25833 1
 1.22909 1
 1.29038 1
 1.29038 0
 1.29038 0
 1.27157 1
 1.62834 1
 1.62834 0
 2.70636 1
 1.73147 1
 1.56100 1
 1.56100 0
 1.62928 1
 1.00440 1
 0.62314 1
 0.69626 1
 0.69626 0
 3.00538 1
 3.03251 1
 2.22756 1
 1.42030 1
 1.52105 1
 0.44906 1
 0.47021 1
 0.26524 1
 -1.81166 1
 -1.81166 0
 -0.88023 1
 -1.23981 1
 -2.54938 1
 -2.54938 0
 -1.58304 1
 -1.60090 1
 -1.23185 1
 -0.02928 1
 1.89040 1
 1.43469 1
 1.43469 0
 1.98124 1
 1.98124 0
 0.35209 1
 -0.08607 1
 -1.28369 1
 -1.10632 1
 -1.40430 1
 -1.40430 0
 -1.15597 1
 -0.84970 1
 -0.84970 0
 -0.93545 1
 0.90019 1
 1.47664 1
 1.47664 0
 1.87295 1
 2.64273 1
 1.92651 1
 0.92785 1
 2.52695 1
 2.28020 1
 1.44744 1
 0.70582 1
 0.44099 1
 0.51213 1
 -0.61492 1
 1.30605 1
 1.82930 1
 1.17663 1
 -0.15931 1
 -0.02447 1
 0.53374 1
 -0.17618 1
 -0.17618 0
 -0.40247 1
 -0.07894 1
 -0.75593 1
 -0.75593 0
 -0.75958 1
 -0.06242 1
 -0.49411 1
 -1.54289 1
 -1.49287 1
 -1.49287 0
 -0.31740 1
 0.75883 1
 0.75883 0
 1.01421 1
 1.18314 1
 1.48130 1
 1.48130 0
 1.48130 0
 1.48130 0
 1.48130 0
 0.10623 1
 0.21271 1
 -0.46102 1
 -1.02143 1
 -0.16421 1
 0.84249 1
 1.16047 1
 1.62123 1
 1.31832 1
 1.31832 0
 1.54449 1
 1.54449 0
 1.60016 1
 1.60016 0
 2.84520 1
 1.69132 1
 1.46509 1
 2.42071 1
 3.30470 1
 3.19815 1
 2.74978 1
 2.74978 0
 2.74978 0
 1.09114 1
 1.09114 0
 1.09114 0
 1.56262 1
 1.27385 1
 0.94800 1
 0.94800 0
 0.94800 0
 0.94800 0
 1.22722 1
 1.22722 0
 1.94796 1
 2.47519 1
 2.97622 1
 1.94619 1
 1.94619 0
 0.94547 1
 2.29030 1
 0.88749 1
 0.88749 0
 0.88749 0
 0.56279 1
 0.96514 1
 1.33420 1
 0.22191 1
 0.02965 1
 1.30771 1
 0.67816 1
 0.67816 0
 1.65202 1
 1.65202 0
 0.68831 1
 1.56156 1
 1.50853 1
 1.50853 0
 1.27980 1
 0.63981 1
 1.05681 1
 0.24092 1
 0.24092 0
 0.24092 0
 0.24092 0
 0.17490 1
 -0.60461 1
 1.02106 1
 1.02106 0
 0.73802 1
 0.94836 1
 0.94836 0
 1.58682 1
 1.56549 1
 0.81221 1
 0.93179 1
 2.66393 1
 3.58496 1
 3.85999 1
 3.78260 1
 2.56374 1
 2.63827 1
 3.94873 1
 3.94873 0
 3.94873 0
 2.86325 1
 2.37884 1
 2.29781 1
 1.67809 1
 1.67809 0
 1.24277 1
 0.93654 1
 0.61487 1
 1.10766 1
 0.61359 1
 0.61359 0
 0.20152 1
 0.61954 1
 1.45238 1
 0.05943 1
 -0.53875 1
 0.46903 1
 1.25921 1
 1.25921 0
 1.13960 1
 0.94513 1
 1.49268 1
 0.91105 1
 1.09103 1
 0.28535 1
 -0.04827 1
 0.72489 1
 0.77505 1
 0.77505 0
 0.84330 1
 0.44990 1
 0.32945 1
 0.24129 1
 0.70861 1
 0.70861 0
 1.36577 1
 1.36577 0
 1.36577 0
 1.07977 1
 1.07977 0
 1.46916 1
 1.37009 1
 1.37009 0
 1.36273 1
 1.08330 1
 1.08336 1
 0.54819 1
 0.43444 1
 0.43444 0
 0.26789 1
 0.26789 0
 0.26789 0
 0.83617 1
 1.32128 1
 1.30458 1
 1.29331 1
 0.14695 1
 -0.57567 1
 -1.38774 1
 -2.60570 1
 -1.84320 1
 -2.16235 1
 -1.08182 1
 0.26813 1
 0.41942 1
 0.41942 0
 1.13661 1
 1.18878 1
 1.18878 0
 1.18878 0
 1.94730 1
 1.94730 0
 1.94730 0
 2.13653 1
 2.62011 1
 2.17061 1
 2.11197 1
 0.77481 1
 0.77481 0
 0.87186 1
 0.13739 1
 0.27522 1
 0.46640 1
 0.37024 1
 1.12351 1
 1.12351 0
 1.12351 0
 1.12351 0
 0.78735 1
 -0.26074 1
 -0.28773 1
 -0.72201 1
 -0.96824 1
 -0.24629 1
 -0.24629 0
 0.60843 1
 1.42925 1
 1.21978 1
 1.21978 0
 1.30619 1
 0.26252 1
 0.26252 0
 -0.57105 1
 0.19233 1
 1.40745 1
 1.75172 1
 1.06885 1
 1.06885 0
 1.06885 0
 -0.08385 1
 -0.39698 1
 -0.45045 1
 -0.45045 0
 -0.45045 0
 -0.74178 1
 0.71359 1
 0.37725 1
 0.12495 1
 0.20136 1
 0.20136 0
 1.03367 1
 0.98998 1
 0.98998 0
 1.61878 1
 1.61878 0
 1.74835 1
 1.47037 1
 1.47037 0
 2.00826 1
 0.95149 1
 0.95149 0
 1.13873 1
 1.13873 0
 1.13873 0
 1.54883 1
 1.25476 1
 1.25476 0
 0.71385 1
 0.64069 1
 0.79075 1
 0.20238 1
 0.20238 0
 0.20238 0
 0.52860 1
 1.06960 1
 0.50733 1
 0.16511 1
 0.12315 1
 0.52889 1
 2.16987 1
 2.23815 1
 1.90592 1
 1.49702 1
 1.87400 1
 0.30069 1
 0.49173 1
 0.49173 0
 0.21664 1
 1.86300 1
 1.70239 1
 1.57861 1
 1.28607 1
 0.71544 1
 0.71544 0
 1.26511 1
 1.26511 0
 1.49575 1
 1.49575 0
 0.14719 1
 0.85402 1
 0.39844 1
 0.16121 1
 -0.22578 1
 0.46725 1
 1.09582 1
 1.11093 1
 0.56103 1
 1.37111 1
 1.37111 0
 0.81475 1
 1.84203 1
 1.84203 0
 2.71922 1
 2.71922 0
 2.71922 0
 2.71922 0
 2.71922 0
 1.21720 1
 1.77995 1
 0.52248 1
 -0.13299 1
 0.14111 1
 1.43963 1
 2.42711 1
 2.42711 0
 2.21960 1
 2.85653 1
 2.78476 1
 0.89605 1
 1.30448 1
 1.30448 0
 1.84564 1
 2.06524 1
 1.91766 1
 2.01911 1
 1.80083 1
 2.06364 1
 2.06364 0
 2.06364 0
 2.06364 0
 2.19380 1
 2.19380 0
 2.19380 0
 2.19380 0
 2.77542 1
 2.77542 0
 3.21079 1
 3.21079 0
 4.23149 1
 4.02962 1
 3.05827 1
 3.05827 0
 1.98495 1
 1.62975 1
 1.58681 1
 2.75719 1
 1.98446 1
 1.98518 1
 1.98518 0
 2.38825 1
 2.38825 0
 4.14313 1
 3.69179 1
 2.76876 1
 3.52693 1
 3.43366 1
 1.55446 1
 1.55446 0
 2.14390 1
 2.14390 0
 3.21553 1
 0.41950 1
 0.27033 1
 0.74869 1
 0.74869 0
 2.56671 1
 2.56671 0
 1.37165 1
 1.09615 1
 0.17143 1
 -0.06050 1
 -0.31282 1
 -0.51675 1
 -0.55279 1
 0.71587 1
 1.41982 1
 1.35005 1
 0.62281 1
 -0.32508 1
 -0.53528 1
 -0.76325 1
 -0.76325 0
 -0.76325 0
 -0.27959 1
 -0.22407 1
 -1.48022 1
 -1.48022 0
 -1.68014 1
 -0.77767 1
 -1.10469 1
 -0.33710 1
 0.35363 1
 0.35363 0
 0.17835 1
 1.20200 1
 1.20200 0
 1.86604 1
 2.09958 1
 0.10801 1
 0.58349 1
 0.21344 1
 1.26215 1
 1.26215 0
 0.09981 1
 1.81289 1
 1.08550 1
 0.47563 1
 -0.04594 1
 1.68879 1
 1.84967 1
 1.84967 0
 1.84967 0
 1.84967 0
 1.93872 1
 2.69281 1
 1.55025 1
 0.79488 1
 -0.20928 1
 -0.20928 0
 0.12001 1
 -0.09274 1
 -0.01409 1
 -1.55428 1
 -1.32019 1
 -2.31570 1
 -1.44043 1
 -1.68583 1
 -2.28749 1
 -1.54034 1
 -1.73498 1
 -1.73498 0
 -1.73498 0
 -1.54906 1
 -0.71949 1
 -0.33705 1
 -0.33705 0
 -0.33705 0
 -0.33705 0
 -0.33705 0
 0.84417 1
 1.15547 1
 1.15547 0
 1.15547 0
 0.25079 1
 0.25079 0
 0.25079 0
 1.46528 1
 1.21284 1
 1.44624 1
 1.60560 1
 1.40359 1
 1.30870 1
 0.78197 1
 0.16539 1
 0.16539 0
 0.48302 1
 0.48302 0
 0.85521 1
 0.85521 0
 0.85521 0
 0.28810 1
 0.44697 1
 0.44697 0
 -0.65578 1
 -1.15203 1
 -1.06956 1
 0.45392 1
 0.16892 1
 0.42562 1
 1.58036 1
 0.83859 1
 1.08746 1
 1.08746 0
 0.16011 1
 0.16011 0
 -0.20627 1
 -0.83865 1
 -0.83865 0
 0.41269 1
 0.41269 0
 1.80083 1
 3.48743 1
 2.29536 1
 1.10858 1
 -0.09202 1
 -0.01828 1
 -0.01828 0
 0.29706 1
 -0.11227 1
 -0.22966 1
 0.09935 1
 0.09935 0
 0.29606 1
 -0.16502 1
 0.00543 1
 -0.06958 1
 -0.06958 0
 -0.06958 0
 -0.06958 0
 -0.00906 1
 0.98803 1
 0.98803 0
 -0.17075 1
 -1.29574 1
 -1.29574 0
 0.23937 1
 0.18187 1
 0.53505 1
 0.74645 1
 0.73279 1
 1.00085 1
 0.95555 1
 0.01273 1
 0.21053 1
 0.21053 0
 0.32061 1
 0.32061 0
 -0.18357 1
 -0.18357 0
 -0.17693 1
 0.85426 1
 0.85426 0
 0.27091 1
 0.27091 0
 0.38420 1
 -0.44427 1
 0.39782 1
 0.76656 1
 0.51520 1
 1.55323 1
 0.23049 1
 -0.43546 1
 -0.18909 1
 1.08405 1
 1.08405 0
 1.33225 1
 1.47325 1
 1.41878 1
 0.95798 1
 0.33865 1
 0.33865 0
 0.33865 0
 1.39502 1
 0.80915 1
 0.80915 0
 0.80915 0
 0.80915 0
 1.43264 1
 1.13717 1
 1.13717 0
 1.13717 0
 0.23843 1
 0.22424 1
 0.22424 0
 0.22424 0
 0.04228 1
 1.40472 1
 0.84163 1
 0.20868 1
 0.20868 0
 0.43399 1
 0.30330 1
 0.30330 0
 1.54457 1
 0.27697 1
 1.31057 1
 1.31057 0
 1.93962 1
 1.09677 1
 1.09677 0
 0.13402 1
 0.95749 1
 1.23451 1
 1.25170 1
 0.15961 1
 1.18873 1
 0.24960 1
 0.24960 0
 0.24960 0
 0.11270 1
 0.68616 1
 0.68616 0
 -0.03854 1
 -0.28947 1
 -0.28947 0
 0.80077 1
 0.80077 0
 -1.19197 1
 -3.00026 1
 -4.04711 1
 -4.04711 0
 -3.12340 1
 -2.70750 1
 -3.48410 1
 -3.48410 0
 -2.41274 1
 -1.46370 1
 -2.56287 1
 -3.28672 1
 -3.34777 1
 -4.15781 1
 -1.76475 1
 -1.96551 1
 -1.06342 1
 -1.06342 0
 -1.06342 0
 -1.06342 0
 -2.27089 1
 -3.46501 1
 -3.98594 1
 -2.50655 1
 -2.79823 1
 -2.71605 1
 -2.71605 0
 -1.78613 1
 -1.07741 1
 -0.65138 1
 1.08407 1
 0.94015 1
 0.31998 1
 0.27219 1
 0.03445 1
 0.51495 1
 0.69853 1
 1.63907 1
 1.82034 1
 0.63524 1
 2.11609 1
 2.11609 0
 2.00229 1
 2.85781 1
 2.84336 1
 2.39331 1
 2.12686 1
 2.12686 0
 0.11534 1
 0.11534 0
 -0.96990 1
 -0.96990 0
 -1.06025 1
 -1.06025 0
 0.70474 1
 1.40208 1
 1.87873 1
 1.33308 1
 1.27176 1
 2.35471 1
 2.35471 0
 1.99318 1
 3.66107 1
 2.82253 1
 2.85886 1
 2.03791 1
 2.34926 1
 2.22545 1
 1.90295 1
 1.90295 0
 2.68482 1
 1.98730 1
 1.38387 1
 1.26123 1
 0.50467 1
 0.52396 1
 0.70750 1
 0.32978 1
 0.41445 1
 0.32185 1
 1.02111 1
 1.02111 0
 1.95354 1
 1.34739 1
 0.58360 1
 0.83952 1
 0.83952 0
 0.53813 1
 2.04263 1
 2.04263 0
 2.40897 1
 1.57423 1
 3.24611 1
 3.24611 0
 2.47461 1
 1.30342 1
 1.31629 1
 1.31629 0
 1.47218 1
 2.38323 1
 3.24406 1
 2.08319 1
 2.34161 1
 1.77371 1
 2.55917 1
 2.23307 1
 2.23307 0
 2.26935 1
 3.30003 1
 3.30003 0
 3.31409 1
 0.53772 1
 1.38220 1
 1.38220 0
 -0.02146 1
 0.07903 1
 -0.79513 1
 -0.13597 1
 -0.48399 1
 -1.13795 1
 -0.85896 1
 -0.85896 0
 -0.85896 0
 0.62057 1
 0.87885 1
 0.87885 0
 1.07016 1
 1.13580 1
 0.18568 1
 -1.22560 1
 -0.68686 1
 -0.68686 0
 -0.68686 0
 0.69762 1
 0.42684 1
 0.35574 1
 0.35574 0
 -0.14020 1
 -0.72042 1
 -0.72042 0
 -0.95044 1
 -0.74716 1
 1.37211 1
 0.46614 1
 0.88224 1
 1.37429 1
 0.50461 1
 0.83093 1
 0.83093 0
 0.62297 1
 -0.74105 1
 -0.48302 1
 0.18692 1
 0.00750 1
 0.00750 0
 0.43467 1
 1.27071 1
 0.63575 1
 0.63575 0
 1.24533 1
 1.76901 1
 1.91634 1
 2.17636 1
 1.22888 1
 2.31480 1
 3.17501 1
 3.17501 0
 3.11392 1
 3.07554 1
 2.71425 1
 2.13760 1
 2.08881 1
 2.08881 0
 1.42632 1
 2.08936 1
 2.08936 0
 2.08936 0
 2.08936 0
 2.66766 1
 2.66766 0
 4.41912 1
 4.41912 0
 3.76571 1
 3.84062 1
 4.49759 1
 4.49759 0
 4.49759 0
 3.39605 1
 2.77470 1
 2.53381 1
 2.91013 1
 0.66423 1
 0.66423 0
 1.08692 1
 1.57585 1
 1.54188 1
 0.45566 1
 0.92282 1
 0.99639 1
 0.99639 0
 0.99639 0
 1.84562 1
 1.21537 1
 1.21537 0
 1.24206 1
 1.24206 0
 0.29224 1
 0.50590 1
 1.10246 1
 1.28354 1
 1.28354 0
 1.37739 1
 1.55145 1
 1.62376 1
 1.43854 1
 1.02731 1
 -0.56623 1
 1.12857 1
 1.05910 1
 2.85395 1
 2.85395 0
 2.91553 1
 1.31255 1
 1.31255 0
 0.17478 1
 0.17478 0
 1.25060 1
 0.49535 1
 1.36519 1
 -1.50727 1
 -0.41909 1
 0.84220 1
 0.84220 0
 0.09902 1
 0.39458 1
 1.32082 1
 1.32082 0
 1.10165 1
 0.14671 1
 0.14671 0
 0.14671 0
 1.51763 1
 1.51763 0
 1.51763 0
 1.01218 1
 1.01218 0
 2.06190 1
 1.37707 1
 1.37707 0
 1.65300 1
 0.65689 1
 2.28906 1
 0.56641 1
 0.56641 0
 1.23415 1
 1.57555 1
 1.08368 1
 1.08368 0
 1.08368 0
 1.50954 1
 0.99350 1
 1.67471 1
 -0.33567 1
 -0.96789 1
 -0.52412 1
 -0.52412 0
 -0.09620 1
 1.72618 1
 1.02730 1
 1.02730 0
 1.00847 1
 1.19745 1
 1.62116 1
 1.59419 1
 2.34064 1
 2.88864 1
 3.66817 1
 3.77563 1
 2.79058 1
 2.79058 0
 1.87844 1
 1.87844 0
 1.45843 1
 1.45843 0
 0.78338 1
 -0.53295 1
 0.30377 1
 0.31903 1
 0.01474 1
 0.01474 0
 1.31489 1
 1.31489 0
 1.31489 0
 0.33388 1
 0.69945 1
 0.69945 0
 0.87824 1
 0.62505 1
 1.65340 1
 2.33769 1
 3.05171 1
 3.79371 1
 4.23619 1
 4.06139 1
 3.54788 1
 3.87567 1
 4.43296 1
 4.43296 0
 1.78955 1
 0.65011 1
 2.79524 1
 2.79524 0
 2.99305 1
 3.42109 1
 3.47553 1
 4.48533 1
 4.76221 1
 3.77624 1
 3.71896 1
 3.56348 1
 2.37440 1
 0.89093 1
 1.91495 1
 1.53861 1
 1.53861 0
 0.97087 1
 0.97087 0
 1.69779 1
 1.98070 1
 2.87448 1
 2.05958 1
 2.04086 1
 2.92780 1
 3.25710 1
 3.25710 0
 2.26391 1
 2.99295 1
 2.99295 0
 2.99295 0
 2.99295 0
 2.62936 1
 2.28818 1
 1.82942 1
 2.53618 1
 2.53618 0
 2.01045 1
 1.94377 1
 2.01563 1
 2.01563 0
 2.01563 0
 1.91504 1
 2.40454 1
 2.40454 0
 1.09478 1
 -0.16023 1
 1.50692 1
 1.09725 1
 0.80868 1
 1.19191 1
 2.99847 1
 2.99847 0
 2.99847 0
 2.99847 0
 1.98398 1
 1.90557 1
 1.90557 0
 2.05235 1
 2.33874 1
 1.56030 1
 1.60185 1
 1.60185 0
 2.11007 1
 2.11007 0
 2.11007 0
 2.11007 0
 0.94264 1
 0.94264 0
 0.76594 1
 1.20072 1
 1.48398 1
 1.48398 0
 -0.58222 1
 -0.58222 0
 0.83553 1
 0.87108 1
 0.87108 0
 0.88459 1
 -0.01097 1
 -0.01097 0
 0.09350 1
 -0.01320 1
 0.45865 1
 0.84689 1
 0.84689 0
 -0.00523 1
 -0.73120 1
 -0.70755 1
 -0.15010 1
 -0.15010 0
 -0.21619 1
 0.97308 1
 1.24750 1
 1.24750 0
 1.62810 1
 1.61079 1
 1.61079 0
 1.94357 1
 1.72010 1
 1.23434 1
 1.23434 0
 2.03811 1
 1.95566 1
 1.95566 0
 1.95566 0
 2.44530 1
 1.97477 1
 0.01806 1
 -0.02672 1
 0.35019 1
 0.35019 0
 1.47296 1
 2.12209 1
 2.12209 0
 1.28681 1
 0.27437 1
 1.66231 1
 1.66231 0
 1.75650 1
 1.75650 0
 0.99291 1
 1.42395 1
 0.87776 1
 2.62026 1
 2.00657 1
 1.60717 1
 1.60717 0
 1.60717 0
 2.11474 1
 2.11474 0
 3.32279 1
 3.32279 0
 1.89182 1
 1.89949 1
 2.07783 1
 0.73791 1
 0.79770 1
 0.12629 1
 1.14029 1
 0.66829 1
 2.23991 1
 2.65280 1
 2.65280 0
 2.39968 1
 2.39968 0
 3.38806 1
 3.38806 0
 2.07737 1
 2.07737 0
 1.68410 1
 0.80443 1
 -0.27738 1
 -0.27738 0
 1.75515 1
 1.10303 1
 1.10303 0
 1.09084 1
 1.09084 0
 1.46864 1
 2.04860 1
 2.86178 1
 2.71254 1
 2.71254 0
 3.18854 1
 2.99970 1
 2.30836 1
 1.99262 1
 1.99982 1
 1.97616 1
 1.47055 1
 2.72572 1
 2.72572 0
 2.72572 0
 2.89298 1
 2.25248 1
 2.61953 1
 1.90855 1
 1.90855 0
 2.18203 1
 2.11555 1
 2.11555 0
 3.11557 1
 3.10796 1
 2.09347 1
 1.28770 1
 0.93865 1
 1.40875 1
 0.86316 1
 1.96655 1
 1.96632 1
 0.42417 1
 0.46196 1
 -1.02671 1
 -1.02671 0
 -1.02671 0
 0.15633 1
 -0.20055 1
 -0.06942 1
 -0.06942 0
 0.68234 1
 0.61251 1
 0.61251 0
 0.84468 1
 0.84468 0
 0.70675 1
 0.72090 1
 0.78702 1
 0.84653 1
 0.67450 1
 1.33681 1
 0.32058 1
 1.64000 1
 2.86497 1
 2.66964 1
 2.66964 0
 1.87214 1
 2.37620 1
 0.32703 1
 0.32703 0
 0.14540 1
 -0.37671 1
 1.11381 1
 0.62652 1
 0.62652 0
 0.40518 1
 0.23492 1
 0.23492 0
 -0.50173 1
 -0.50173 0
 1.21396 1
 -0.10039 1
 -0.15298 1
 -0.01832 1
 0.32041 1
 -0.78612 1
 0.61852 1
 2.55121 1
 2.55121 0
 2.55121 0
 2.57664 1
 3.13588 1
 1.28402 1
 1.00966 1
 1.00966 0
 -0.59205 1
 -1.09755 1
 -1.09755 0
 -1.43332 1
 -0.94519 1
 -0.98147 1
 -0.98147 0
 -1.40606 1
 -1.40797 1
 -1.40797 0
 -1.73382 1
 -1.73382 0
 -2.03191 1
 -1.46955 1
 -0.31968 1
 -0.31968 0
 0.33645 1
 0.96047 1
 0.96047 0
 1.57719 1
 0.68915 1
 1.00932 1
 1.61670 1
 1.14743 1
 1.43410 1
 0.49573 1
 -0.08487 1
 -0.08487 0
 0.47740 1
 0.85628 1
 0.85628 0
 0.52489 1
 1.33907 1
 1.33907 0
 0.41615 1
 -0.35623 1
 -1.38998 1
 -1.35380 1
 -1.54988 1
 1.47091 1
 1.41749 1
 0.37168 1
 -0.36501 1
 -0.14627 1
 1.67053 1
 1.02204 1
 1.44966 1
 1.44966 0
 0.16275 1
 2.04451 1
 2.40817 1
 2.22591 1
 2.48152 1
 0.14485 1
 1.74166 1
 1.74166 0
 2.58002 1
 2.30081 1
 1.29949 1
 1.38738 1
 1.27463 1
 1.08849 1
 1.08849 0
 1.08849 0
 2.29388 1
 2.29388 0
 -0.34969 1
 -0.34969 0
 0.32735 1
 -0.35126 1
 -0.74341 1
 -0.74341 0
 -0.67723 1
 -0.08587 1
 -0.41444 1
 0.17916 1
 0.07711 1
 1.10257 1
 1.10257 0
 1.10257 0
 0.26055 1
 -0.09017 1
 -0.95294 1
 -1.45462 1
 -0.53702 1
 -2.47542 1
 -1.95174 1
 -2.25133 1
 -1.71322 1
 -1.34377 1
 -0.34771 1
 1.85536 1
 3.04484 1
 2.53436 1
 2.53436 0
 2.38362 1
 2.98259 1
 1.67811 1
 0.71564 1
 0.56784 1
 0.56784 0
 1.04948 1
 1.17818 1
 1.38320 1
 -1.49387 1
 0.19853 1
 0.41298 1
 0.89307 1
 0.03918 1
 0.03918 0
 -0.31256 1
 -0.20913 1
 -0.33758 1
 0.18416 1
 0.40539 1
 0.83550 1
 1.61718 1
 0.52066 1
 0.52066 0
 1.21733 1
 0.82093 1
 0.82093 0
 0.89080 1
 1.25746 1
 0.92004 1
 0.92004 0
 0.92004 0
 0.92004 0
 1.67616 1
 1.67616 0
 1.67616 0
 2.07559 1
 1.75434 1
 2.40872 1
 3.02627 1
 3.00229 1
 2.84304 1
 2.84304 0
 2.41681 1
 2.96835 1
 2.96835 0
 0.93582 1
 0.60406 1
 -0.09063 1
 -0.06268 1
 0.03123 1
 0.35443 1
 0.35443 0
 0.35443 0
 1.98187 1
 1.15832 1
 1.15832 0
 0.54910 1
 0.17314 1
 0.17314 0
 0.17314 0
 1.48987 1
 1.48987 0
 1.84773 1
 0.39928 1
 -1.47583 1
 -0.90609 1
 -0.23327 1
 -0.67296 1
 -0.67296 0
 0.27695 1
 0.29264 1
 0.17776 1
 0.30567 1
 0.30567 0
 0.30567 0
 0.30567 0
 2.05924 1
 1.63250 1
 1.83540 1
 1.76832 1
 1.27342 1
 1.27342 0
 -0.15365 1
 2.35230 1
 0.10547 1
 0.10547 0
 0.53683 1
 0.53683 0
 0.79733 1
 1.79417 1
 1.79417 0
 1.79417 0
 1.89271 1
 1.89271 0
 2.46874 1
 3.54316 1
 3.16005 1
 3.16005 0
 1.47430 1
 1.47430 0
 0.36129 1
 1.49046 1
 1.93785 1
 1.33837 1
 1.21865 1
 1.21865 0
 1.34428 1
 1.70126 1
 1.76393 1
 1.35331 1
 0.09313 1
 0.09313 0
 -0.12209 1
 0.76241 1
 0.76241 0
 0.40852 1
 0.40852 0
 1.00764 1
 1.00764 0
 0.48966 1
 -0.03619 1
 1.42908 1
 1.42908 0
 0.16362 1
 1.37507 1
 1.12004 1
 0.53315 1
 0.85331 1
 0.85331 0
 1.18179 1
 0.25584 1
 -0.19549 1
 -0.19549 0
 0.81086 1
 2.11030 1
 2.11030 0
 2.11030 0
 2.11030 0
 1.69998 1
 0.46959 1
 0.60068 1
 0.49966 1
 0.49966 0
 0.11740 1
 0.04527 1
 0.38038 1
 0.38038 0
 0.57837 1
 0.85543 1
 0.26832 1
 1.38065 1
 1.38097 1
 1.66723 1
 0.97883 1
 1.12768 1
 1.12768 0
 1.29503 1
 1.29503 0
 2.35597 1
 2.84127 1
 2.90066 1
 2.90066 0
 3.22267 1
 3.49253 1
 3.49253 0
 2.81956 1
 2.73735 1
 2.09149 1
 2.09149 0
 0.85109 1
 2.42531 1
 2.37400 1
 0.59105 1
 2.91810 1
 -0.33019 1
 -0.33019 0
 -1.01914 1
 -1.01914 0
 -0.35183 1
 0.62654 1
 0.62654 0
 0.62654 0
 0.99810 1
 1.97916 1
 2.98656 1
 2.98656 0
 1.87133 1
 2.56728 1
 1.11322 1
 0.63595 1
 1.02856 1
 0.78470 1
 0.96248 1
 0.96248 0
 0.96248 0
 0.96248 0
 1.16490 1
 1.10727 1
 0.82185 1
 1.69501 1
 1.69501 0
 0.86251 1
 0.86251 0
 0.86251 0
 0.81923 1
 0.94544 1
 0.33641 1
 -0.16976 1
 0.29565 1
 2.22984 1
 3.11606 1
 4.00199 1
 3.91581 1
 3.91581 0
 3.91581 0
 3.14269 1
 2.15217 1
 1.66122 1
 1.66122 0
 2.46349 1
 2.34010 1
 2.34010 0
 2.34010 0
 2.63997 1
 2.40737 1
 1.82317 1
 0.82326 1
 1.23600 1
 1.34539 1
 1.60734 1
 0.99930 1
 2.07118 1
 2.07118 0
 2.43167 1
 2.56005 1
 2.53159 1
 2.53159 0
 2.53159 0
 2.53159 0
 1.75368 1
 1.44866 1
 1.44866 0
 3.17980 1
 3.17980 0
 3.40677 1
 3.40677 0
 1.97553 1
 1.97553 0
 1.17197 1
 1.17197 0
 0.84534 1
 2.16454 1
 2.39241 1
 2.68530 1
 2.09259 1
 2.09259 0
 2.85655 1
 2.53010 1
 2.23947 1
 1.93651 1
 1.93651 0
 1.62601 1
 0.37849 1
 -0.53572 1
 -2.36072 1
 -1.96724 1
 -1.73016 1
 -1.73016 0
 -1.29290 1
 -1.29290 0
 -1.23302 1
 -2.03318 1
 -2.11395 1
 -1.82804 1
 -2.98200 1
 -2.79000 1
 -2.50457 1
 -1.24299 1
 -1.24299 0
 -1.24299 0
 -1.24299 0
 -0.57233 1
 0.65980 1
 1.07066 1
 1.55058 1
 1.59163 1
 1.59163 0
 1.59163 0
 3.51646 1
 2.30012 1
 0.20532 1
 0.51718 1
 1.52613 1
 1.44781 1
 1.75698 1
 1.50272 1
 1.23033 1
 -0.04522 1
 0.86321 1
 0.86721 1
 0.71870 1
 0.79011 1
 0.79011 0
 0.76065 1
 0.76065 0
 -0.83648 1
 -1.32094 1
 -0.31151 1
 1.72379 1
 0.67854 1
 0.67854 0
 0.83929 1
 1.41726 1
 1.58211 1
 2.15407 1
 3.11371 1
 3.11371 0
 3.11371 0
 3.11371 0
 4.46794 1
 4.65015 1
 5.40350 1
 6.22876 1
 6.83679 1
 7.55204 1
 5.14902 1
 5.14902 0
 5.09845 1
 5.09845 0
 3.63912 1
 2.32720 1
 3.44351 1
 3.44351 0
 1.40491 1
 -0.20172 1
 -0.49916 1
 -1.42717 1
 -1.76723 1
 -1.82058 1
 -1.78383 1
 -1.78383 0
 -2.52464 1
 -0.41563 1
 -0.31169 1
 -0.26820 1
 -0.26820 0
 0.61305 1
 1.09258 1
 1.09258 0
 1.89166 1
 2.31341 1
 1.18216 1
 0.82727 1
 0.63524 1
 -0.42648 1
 -0.07282 1
 2.59454 1
 2.76537 1
 1.79477 1
 2.04880 1
 2.37323 1
 2.37323 0
 2.37323 0
 2.37323 0
 2.37323 0
 2.78696 1
 3.37360 1
 2.92456 1
 2.34062 1
 2.44500 1
 1.08179 1
 0.30331 1
 1.37675 1
 2.96988 1
 2.96988 0
 3.17026 1
 2.72933 1
 2.84704 1
 2.84704 0
 2.68148 1
 2.68148 0
 2.10563 1
 2.10563 0
 1.29647 1
 1.29647 0
 0.68299 1
 1.13421 1
 2.38383 1
 2.36793 1
 1.89360 1
 1.89360 0
 0.68595 1
 1.97741 1
 2.11966 1
 3.64076 1
 2.71435 1
 3.38697 1
 2.80769 1
 2.80769 0
 2.73258 1
 2.62113 1
 2.65898 1
 2.65898 0
 1.96819 1
 0.56850 1
 0.32671 1
 0.60730 1
 0.26299 1
 1.64311 1
 1.64311 0
 1.75184 1
 1.75184 0
 1.40300 1
 1.42466 1
 -0.07595 1
 -0.00608 1
 -0.00608 0
 0.65861 1
 1.86354 1
 1.47243 1
 1.47243 0
 1.47243 0
 1.47243 0
 0.73076 1
 -0.45177 1
 -0.21575 1
 0.37901 1
 0.37901 0
 0.37901 0
 0.65656 1
 0.65656 0
 0.37853 1
 0.37853 0
 0.37853 0
 2.25735 1
 1.49417 1
 0.95077 1
 1.15044 1
 2.39737 1
 1.32986 1
 1.32986 0
 0.72743 1
 2.80820 1
 2.39900 1
 2.39900 0
 1.26033 1
 1.26033 0
 0.45786 1
 0.74862 1
 1.50661 1
 0.10158 1
 1.36296 1
 0.29221 1
 1.08736 1
 0.73037 1
 0.77297 1
 0.65983 1
 0.65983 0
 0.65983 0
 1.16304 1
 0.95608 1
 0.82106 1
 0.82106 0
 0.82106 0
 0.80887 1
 -0.97934 1
 1.42448 1
 1.42448 0
 1.41581 1
 1.09621 1
 0.37855 1
 0.26635 1
 -0.19989 1
 -0.29042 1
 -0.29042 0
 -0.76310 1
 0.46055 1
 0.46055 0
 0.71948 1
 0.71948 0
 0.63619 1
 2.51669 1
 3.11487 1
 2.06799 1
 1.91638 1
 0.88888 1
 2.19224 1
 2.19224 0
 2.45101 1
 1.39548 1
 -0.35936 1
 0.37109 1
 0.76419 1
 1.43631 1
 0.78177 1
 1.05562 1
 0.04087 1
 -0.01840 1
 -0.01840 0
 0.29817 1
 1.16899 1
 1.16899 0
 1.57962 1
 1.18081 1
 1.18081 0
 1.18081 0
 0.36247 1
 1.49750 1
 2.38560 1
 0.81014 1
 1.86951 1
 1.62105 1
 1.96065 1
 2.36243 1
 2.03800 1
 2.03800 0
 2.13793 1
 0.46048 1
 0.46048 0
 0.46048 0
 1.25007 1
 1.25007 0
 0.96053 1
 0.96053 0
 -0.45631 1
 -0.45631 0
 -0.45631 0
 -0.45631 0
 -0.45631 0
 -0.45631 0
 -0.45631 0
 -0.38349 1
 -0.39875 1
 -0.06444 1
 -0.06444 0
 -0.06444 0
 -0.58845 1
 1.00715 1
 1.00715 0
 1.22861 1
 0.74925 1
 1.30314 1
 0.76033 1
 0.84186 1
 0.13719 1
 0.13719 0
 0.13719 0
 0.99795 1
 2.27627 1
 2.67374 1
 3.13574 1
 1.66749 1
 1.66749 0
 1.95297 1
 1.95297 0
 2.36414 1
 2.54700 1
 3.21763 1
 3.41319 1
 3.44111 1
 2.89732 1
 2.89732 0
 1.97233 1
 2.43807 1
 1.54073 1
 0.29725 1
 0.29725 0
 0.07174 1
 -0.05147 1
 -0.05147 0
 -0.05147 0
 0.79725 1
 0.24870 1
 0.24870 0
 1.01495 1
 1.87313 1
 1.87313 0
 1.61484 1
 1.61484 0
 1.70400 1
 1.70400 0
 1.70400 0
 1.70400 0
 1.70400 0
 1.76434 1
 1.16948 1
 1.16948 0
 0.48474 1
 0.43528 1
 1.18792 1
 1.18792 0
 2.04846 1
 2.04846 0
 1.88989 1
 1.88989 0
 1.51848 1
 1.51848 0
 -0.56413 1
 -0.57658 1
 -0.87418 1
 -0.37656 1
 0.46094 1
 1.60717 1
 1.60717 0
 1.15636 1
 2.54585 1
 3.11246 1
 2.09769 1
 2.09769 0
 2.10563 1
 1.20725 1
 1.20725 0
 0.89794 1
 2.58652 1
 2.58652 0
 2.54297 1
 2.54297 0
 2.03557 1
 2.03557 0
 0.80352 1
 0.93395 1
 0.51623 1
 0.84069 1
 0.68862 1
 -0.13390 1
 -0.57890 1
 -0.72251 1
 -0.67143 1
 -2.23887 1
 -2.06103 1
 -2.10706 1
 -0.71746 1
 0.57968 1
 1.09739 1
 1.09739 0
 1.09739 0
 1.36473 1
 1.36473 0
 -0.52447 1
 -0.52447 0
 0.69038 1
 0.29904 1
 0.29904 0
 2.02223 1
 1.81004 1
 1.91728 1
 0.13908 1
 0.62471 1
 0.62471 0
 -1.15086 1
 -1.80656 1
 -1.17556 1
 -1.17556 0
 -1.26045 1
 -0.59228 1
 0.43143 1
 0.04664 1
 0.04664 0
 -0.14316 1
 1.14035 1
 1.14035 0
 1.41813 1
 1.62890 1
 1.62890 0
 1.02761 1
 1.02071 1
 0.30059 1
 0.30059 0
 -0.11035 1
 -0.11035 0
 0.69163 1
 1.55368 1
 2.21175 1
 2.21175 0
 2.21175 0
 1.74257 1
 0.81906 1
 0.70983 1
 0.69810 1
 0.94918 1
 0.94918 0
 1.81757 1
 1.81757 0
 0.94656 1
 0.94656 0
 0.94656 0
 1.68761 1
 0.05530 1
 0.69645 1
 1.21365 1
 1.15124 1
 1.59256 1
 1.59629 1
 2.75561 1
 3.39319 1
 3.50432 1
 3.50432 0
 2.58328 1
 2.54807 1
 2.20571 1
 1.52114 1
 1.08730 1
 1.56513 1
 0.92029 1
 0.92029 0
 0.92029 0
 1.71550 1
 2.72637 1
 2.24302 1
 1.18864 1
 1.54746 1
 2.40175 1
 1.71176 1
 1.36022 1
 0.72040 1
 1.22599 1
 1.22599 0
 1.06417 1
 1.06417 0
 0.12388 1
 -1.27811 1
 -0.51094 1
 -0.56416 1
 -0.01883 1
 -0.20147 1
 -0.20147 0
 0.19501 1
 0.40679 1
 0.42142 1
 0.81480 1
 0.81480 0
 1.53423 1
 0.76150 1
 -0.09946 1
 0.89147 1
 1.50110 1
 1.50110 0
 1.14398 1
 1.14398 0
 0.60127 1
 0.82489 1
 0.55030 1
 0.55030 0
 0.55030 0
 1.62344 1
 2.94422 1
 3.22628 1
 3.50834 1
 4.52305 1
 4.08434 1
 3.47876 1
 3.13626 1
 2.54889 1
 1.52369 1
 1.73986 1
 1.73986 0
 2.04458 1
 2.04458 0
 2.15766 1
 1.67719 1
 1.67719 0
 1.67719 0
 1.44473 1
 1.44473 0
 1.44473 0
 0.63635 1
 0.60132 1
 0.60798 1
 0.60798 0
 1.07155 1
 1.07155 0
 0.87201 1
 1.63740 1
 2.78943 1
 2.24415 1
 2.24415 0
 2.74137 1
 3.17244 1
 3.65729 1
 3.57983 1
 3.12292 1
 2.54349 1
 2.54349 0
 0.95090 1
 0.95090 0
 0.75956 1
 0.08570 1
 0.39311 1
 0.29712 1
 1.71341 1
 1.71341 0
 1.71341 0
 2.33496 1
 3.17943 1
 3.17943 0
 3.17943 0
 0.50032 1
 0.95589 1
 2.35689 1
 2.01498 1
 -0.58924 1
 0.67307 1
 0.67307 0
 0.90245 1
 0.90245 0
 0.90245 0
 1.80133 1
 0.99369 1
 0.85718 1
 0.85718 0
 0.45713 1
 1.14065 1
 1.52896 1
 0.93563 1
 0.93563 0
 1.81952 1
 2.86386 1
 1.33131 1
 1.55459 1
 1.51945 1
 1.12798 1
 1.12798 0
 1.07563 1
 -0.09783 1
 1.33984 1
 1.70655 1
 1.08044 1
 1.01429 1
 1.01429 0
 1.00832 1
 0.28971 1
 -0.32033 1
 1.84957 1
 1.84957 0
 1.38884 1
 1.38884 0
 0.57588 1
 0.57588 0
 0.39905 1
 1.82103 1
 2.20245 1
 0.86032 1
 0.86032 0
 0.86032 0
 0.86032 0
 1.13726 1
 1.62433 1
 1.56659 1
 1.56659 0
 0.53049 1
 0.53049 0
 0.53049 0
 -0.60406 1
 -0.60406 0
 -0.85546 1
 -1.14783 1
 -1.44712 1
 -1.78762 1
 -1.78762 0
 -1.78762 0
 -1.31056 1
 -2.08230 1
 -1.69118 1
 -0.96284 1
 -1.11395 1
 -1.11395 0
 -1.48973 1
 -1.03609 1
 -1.26041 1
 -1.26041 0
 0.14830 1
 0.88070 1
 0.88070 0
 2.20021 1
 2.40442 1
 2.40442 0
 1.92020 1
 1.92020 0
 1.92020 0
 1.92020 0
 0.98576 1
 0.65130 1
 1.23356 1
 1.23356 0
 0.57365 1
 -0.08749 1
 -0.13165 1
 -1.54332 1
 -0.90949 1
 -0.90949 0
 -0.93557 1
 -0.93557 0
 -0.33609 1
 -0.63717 1
 -0.57633 1
 -0.56431 1
 0.36067 1
 0.69127 1
 -0.29437 1
 0.88359 1
 0.50825 1
 0.50825 0
 0.50825 0
 0.55685 1
 1.00357 1
 0.84852 1
 0.84852 0
 0.90714 1
 1.72921 1
 1.62410 1
 1.96796 1
 1.52787 1
 0.20167 1
 -0.55424 1
 0.37290 1
 0.37290 0
 0.47467 1
 -0.20436 1
 1.18143 1
 1.77496 1
 1.87956 1
 0.93338 1
 1.13745 1
 1.13745 0
 0.36503 1
 2.15256 1
 3.53668 1
 2.74012 1
 0.98260 1
 1.16420 1
 1.47984 1
 0.05854 1
 0.05854 0
 0.15700 1
 0.03557 1
 1.37731 1
 1.73709 1
 1.73709 0
 1.21835 1
 0.82724 1
 -0.55851 1
 0.01830 1
 0.01830 0
 0.64471 1
 1.27675 1
 1.98848 1
 1.21101 1
 0.98350 1
 0.24401 1
 0.60316 1
 0.47919 1
 0.18256 1
 0.18256 0
 0.57308 1
 1.55775 1
 1.17891 1
 2.53951 1
 1.01836 1
 1.86893 1
 1.88484 1
 1.89812 1
 1.71842 1
 0.71131 1
 0.70056 1
 0.56908 1
 0.56908 0
 0.56908 0
 0.56908 0
 0.64531 1
 1.40982 1
 0.59561 1
 0.97869 1
 -0.04245 1
 -0.60422 1
 -0.60422 0
 -0.60422 0
 0.34406 1
 0.67463 1
 0.67463 0
 1.05990 1
 1.32598 1
 0.17070 1
 0.56544 1
 0.56544 0
 1.72371 1
 1.77212 1
 1.57544 1
 0.74160 1
 2.46321 1
 2.46321 0
 2.46321 0
 1.48678 1
 1.48728 1
 0.88799 1
 0.88799 0
 2.74389 1
 1.88983 1
 2.22015 1
 2.66636 1
 2.44787 1
 2.11847 1
 2.06318 1
 1.80014 1
 1.80014 0
 2.03603 1
 1.70096 1
 0.85655 1
 1.92036 1
 1.92036 0
 1.92036 0
 2.07005 1
 1.92296 1
 1.06183 1
 -0.05334 1
 -0.05334 0
 -0.05334 0
 0.83036 1
 0.83036 0
 0.83036 0
 0.46060 1
 1.67691 1
 1.07866 1
 0.88180 1
 0.88180 0
 1.53052 1
 1.31569 1
 2.78082 1
 2.78082 0
 2.78082 0
 3.84991 1
 3.19072 1
 3.19072 0
 3.19072 0
 2.39995 1
 2.77867 1
 0.61315 1
 1.74221 1
 1.39882 1
 0.83890 1
 0.90334 1
 0.37193 1
 0.32791 1
 1.96248 1
 1.31199 1
 1.37072 1
 1.83126 1
 0.85000 1
 0.55340 1
 1.24207 1
 0.42824 1
 1.35536 1
 1.21127 1
 0.63843 1
 1.82607 1
 1.53923 1
 2.06920 1
 1.15631 1
 0.08504 1
 0.13420 1
 0.17199 1
 1.60392 1
 0.87559 1
 1.63694 1
 1.44067 1
 1.28166 1
 0.19802 1
 2.19551 1
 2.27582 1
 1.19420 1
 1.19442 1
 1.19442 0
 1.19442 0
 -0.01200 1
 -0.65202 1
 0.11503 1
 0.11503 0
 0.02727 1
 0.02727 0
 0.88066 1
 0.20762 1
 -0.97258 1
 -0.97258 0
 0.20003 1
 0.52550 1
 0.37168 1
 1.18663 1
 0.08355 1
 0.83246 1
 0.83246 0
 0.83246 0
 0.83196 1
 0.83196 0
 0.83196 0
 1.88227 1
 1.18760 1
 1.98686 1
 1.85523 1
 1.22208 1
 0.23474 1
 0.42244 1
 0.42244 0
 1.59645 1
 0.70040 1
 0.10993 1
 0.99716 1
 0.71985 1
 0.41754 1
 -1.07568 1
 -1.07568 0
 -1.07568 0
 -0.32071 1
 -0.32071 0
 -0.32071 0
 -0.70034 1
 -0.70034 0
 -0.18999 1
 -1.80883 1
 -2.36337 1
 -3.42299 1
 -2.08333 1
 -0.95432 1
 -1.09170 1
 -1.09170 0
 -0.30309 1
 0.16115 1
 0.11609 1
 1.24516 1
 0.55981 1
 1.36731 1
 2.87451 1
 2.81562 1
 2.66742 1
 2.85346 1
 2.96107 1
 2.80229 1
 2.80229 0
 2.88830 1
 1.75843 1
 1.97506 1
 1.97506 0
 1.24281 1
 2.48820 1
 1.85863 1
 1.95919 1
 1.95919 0
 1.32584 1
 1.12717 1
 1.88728 1
 1.24046 1
 1.24046 0
 1.20984 1
 1.17376 1
 1.17376 0
 1.17376 0
 1.26942 1
 0.36096 1
 0.36096 0
 0.67256 1
 0.67256 0
 0.67256 0
 0.67256 0
 0.67256 0
 0.44734 1
 1.60170 1
 0.60760 1
 0.60760 0
 0.67720 1
 0.67720 0
 -0.56605 1
 -0.63031 1
 -0.57940 1
 -0.35146 1
 -0.56818 1
 -2.10514 1
 -2.52559 1
 -2.22848 1
 -1.66459 1
 -0.85078 1
 -0.85078 0
 -1.02381 1
 -1.02381 0
 -2.71975 1
 -3.70891 1
 -2.12261 1
 -1.75423 1
 -1.75423 0
 -2.18092 1
 -2.18092 0
 -1.90116 1
 -1.22349 1
 -2.70610 1
 -1.95681 1
 -0.47381 1
 0.43367 1
 0.58723 1
 0.38648 1
 0.38648 0
 1.08720 1
 0.78835 1
 0.24542 1
 0.24542 0
 0.56128 1
 0.56128 0
 -0.28436 1
 -0.25585 1
 -1.36363 1
 -1.36363 0
 -1.36363 0
 -2.33162 1
 -1.98493 1
 -2.19848 1
 -1.33059 1
 -0.20428 1
 -0.20428 0
 -0.57298 1
 -0.45007 1
 -0.08178 1
 -0.08178 0
 1.38526 1
 0.90372 1
 0.70234 1
 0.35615 1
 0.90960 1
 0.32659 1
 0.32659 0
 0.56309 1
 0.31899 1
 0.66701 1
 0.95978 1
 1.44741 1
 1.05012 1
 1.05012 0
 0.29535 1
 0.29535 0
 -0.55246 1
 -0.88360 1
 -0.88360 0
 -0.88360 0
 -1.00812 1
 -1.00812 0
 -1.24819 1
 -0.69889 1
 -0.32726 1
 -0.01248 1
 1.30455 1
 1.36413 1
 0.99508 1
 0.68393 1
 0.68393 0
 0.68393 0
 0.68393 0
 0.68393 0
 1.06853 1
 1.12101 1
 1.86006 1
 1.86006 0
 3.03896 1
 0.72324 1
 0.53767 1
 0.96489 1
 0.96489 0
 0.22256 1
 -0.44322 1
 -0.21146 1
 -0.21146 0
 0.17351 1
 0.17351 0
 0.17351 0
 0.53327 1
 1.76103 1
 1.76103 0
 2.81413 1
 2.03144 1
 1.25538 1
 1.42368 1
 1.42368 0
 1.54026 1
 0.68851 1
 0.68851 0
 1.07924 1
 2.46892 1
 1.72063 1
 0.45259 1
 0.43662 1
 1.03248 1
 0.49211 1
 1.12904 1
 0.39410 1
 1.02985 1
 -0.40616 1
 0.37877 1
 0.37877 0
 0.91863 1
 0.91863 0
 0.91863 0
 0.56768 1
 0.56768 0
 1.77901 1
 0.00106 1
 -0.58088 1
 -1.23960 1
 -1.23960 0
 -1.23960 0
 -1.23960 0
 -1.17777 1
 -1.17777 0
 -0.24394 1
 0.41652 1
 0.36982 1
 1.43867 1
 0.95904 1
 1.48910 1
 0.88903 1
 0.88903 0
 1.23541 1
 1.60810 1
 0.89301 1
 0.89301 0
 0.89301 0
 1.22952 1
 1.22952 0
 0.66650 1
 0.66650 0
 0.66650 0
 0.40535 1
 1.23469 1
 1.23469 0
 0.88475 1
 0.88475 0
 1.31881 1
 1.31881 0
 -0.20930 1
 -0.79125 1
 -0.41099 1
 -0.99610 1
 -0.23390 1
 -0.23390 0
 -0.90097 1
 -1.35099 1
 -1.35099 0
 -1.84246 1
 0.76107 1
 0.76107 0
 0.76107 0
 0.54051 1
 1.15128 1
 2.19160 1
 1.50347 1
 0.42921 1
 0.90350 1
 0.05593 1
 0.05593 0
 0.56343 1
 0.68953 1
 0.38157 1
 0.79452 1
 1.32629 1
 1.89283 1
 1.93610 1
 1.60738 1
 1.82353 1
 1.82353 0
 1.82353 0
 2.28471 1
 3.79389 1
 2.67345 1
 2.42697 1
 2.07043 1
 2.37330 1
 2.37330 0
 0.74168 1
 0.74168 0
 1.44817 1
 0.88975 1
 0.88975 0
 -0.18372 1
 -0.75563 1
 -0.68810 1
 -0.57983 1
 -1.32487 1
 -0.42930 1
 -0.42930 0
 -1.69417 1
 -1.69417 0
 -0.95752 1
 -1.47770 1
 -1.10538 1
 -1.04436 1
 -1.16232 1
 -1.42635 1
 -0.04250 1
 -0.04250 0
 1.90284 1
 1.90284 0
 2.83553 1
 2.52855 1
 2.86124 1
 2.86124 0
 2.33957 1
 2.36181 1
 2.25712 1
 2.25712 0
 1.90483 1
 0.57271 1
 0.47443 1
 2.81018 1
 3.06897 1
 3.06897 0
 3.06897 0
 3.06897 0
 3.06897 0
 3.59051 1
 4.72244 1
 4.72244 0
 4.03018 1
 4.29952 1
 4.52393 1
 2.06346 1
 2.50550 1
 2.08898 1
 -0.11009 1
 -0.11009 0
 0.13233 1
 0.13233 0
 0.13233 0
 0.86876 1
 0.58527 1
 0.58527 0
 1.90851 1
 2.47216 1
 3.31694 1
 1.62779 1
 0.40105 1
 0.19423 1
 -0.36804 1
 1.51657 1
 0.25627 1
 0.25627 0
 2.01835 1
 2.01835 0
 2.01835 0
 1.21241 1
 1.21241 0
 0.28211 1
 0.32366 1
 0.77473 1
 -0.43040 1
 -0.43040 0
 0.12425 1
 0.23333 1
 -0.20268 1
 -0.20268 0
 0.43784 1
 1.08344 1
 0.82163 1
 0.82163 0
 0.44752 1
 1.12160 1
 1.12160 0
 1.12160 0
 1.62255 1
 2.51628 1
 2.51628 0
 0.48380 1
 0.48380 0
 0.22604 1
 0.46880 1
 1.29033 1
 1.62334 1
 2.53691 1
 3.46817 1
 3.46817 0
 3.46817 0
 3.38847 1
 2.64830 1
 1.36308 1
 0.52324 1
 -0.21241 1
 -1.18332 1
 -2.72186 1
 -2.72186 0
 -2.85673 1
 -3.95747 1
 -4.13407 1
 -3.40416 1
 -3.06255 1
 -1.92041 1
 -1.33858 1
 -1.33858 0
 -0.30731 1
 -0.25814 1
 0.91146 1
 0.40971 1
 1.46583 1
 1.17923 1
 0.25922 1
 0.94870 1
 0.67867 1
 0.67867 0
 1.16894 1
 1.16894 0
 0.93783 1
 1.16238 1
 0.12558 1
 0.33908 1
 0.35202 1
 0.35202 0
 -0.28674 1
 -1.51033 1
 -1.51033 0
 -1.01485 1
 0.04421 1
 0.80000 1
 0.80000 0
 1.21440 1
 1.46279 1
 0.41248 1
 0.41248 0
 0.41248 0
 1.51038 1
 1.06180 1
 1.81387 1
 0.81707 1
 -0.21212 1
 0.11326 1
 0.11326 0
 1.09137 1
 1.09137 0
 1.09137 0
 1.09137 0
 1.09137 0
 1.09137 0
 1.09137 0
 1.09137 0
 1.00186 1
 2.66634 1
 2.68218 1
 2.34106 1
 2.34106 0
 2.34106 0
 2.32191 1
 1.87446 1
 0.40375 1
 0.60126 1
 1.55022 1
 0.91083 1
 0.77958 1
 0.77958 0
 1.13883 1
 1.13883 0
 1.13883 0
 0.43338 1
 0.25972 1
 0.25972 0
 1.51753 1
 0.81549 1
 0.81549 0
 1.79788 1
 1.79788 0
 1.64954 1
 1.64954 0
 1.52927 1
 0.00523 1
 -0.07464 1
 1.78495 1
 -0.38411 1
 -0.38411 0
 -0.38411 0
 -0.38411 0
 0.81829 1
 0.94553 1
 0.94553 0
 0.94553 0
 0.27230 1
 0.67576 1
 1.33582 1
 1.33582 0
 1.09834 1
 0.83311 1
 0.23729 1
 0.51355 1
 1.40090 1
 2.06793 1
 2.06793 0
 2.06793 0
 0.99423 1
 0.99423 0
 1.51614 1
 1.16047 1
 2.47251 1
 4.40690 1
 2.66649 1
 1.98091 1
 1.98091 0
 1.90235 1
 2.03666 1
 0.42229 1
 0.52972 1
 0.52972 0
 -0.44218 1
 0.18875 1
 0.18875 0
 0.18875 0
 0.18875 0
 0.18875 0
 -1.50887 1
 -1.50887 0
 -2.75475 1
 -2.75475 0
 -2.98315 1
 -2.98315 0
 -2.88112 1
 -3.60345 1
 -3.60345 0
 -2.52820 1
 -1.83546 1
 -0.48206 1
 -0.48206 0
 -0.10638 1
 0.42373 1
 0.42373 0
 0.42373 0
 0.42373 0
 0.42373 0
 0.42373 0
 1.88931 1
 1.12867 1
 0.74751 1
 0.96671 1
 2.77386 1
 1.89378 1
 1.89378 0
 0.97939 1
 0.97939 0
 2.07470 1
 1.44082 1
 1.40445 1
 1.64521 1
 1.94246 1
 1.53642 1
 1.79810 1
 2.17429 1
 1.49496 1
 0.71272 1
 0.71272 0
 -0.03338 1
 -0.03338 0
 -0.03338 0
 0.06203 1
 0.82097 1
 0.71245 1
 0.52327 1
 0.61014 1
 1.53990 1
 1.53990 0
 1.65015 1
 0.25508 1
 0.57068 1
 1.01846 1
 1.00421 1
 1.37867 1
 1.17908 1
 1.42240 1
 1.42240 0
 1.50944 1
 1.42594 1
 0.94060 1
 0.31100 1
 0.23345 1
 0.35325 1
 0.35325 0
 1.08165 1
 0.89849 1
 0.28604 1
 0.28604 0
 0.31418 1
 -0.44166 1
 -0.67978 1
 -0.67978 0
 0.28120 1
 0.72601 1
 1.91450 1
 1.91450 0
 1.91450 0
 1.26811 1
 1.26811 0
 1.26811 0
 1.94928 1
 0.48034 1
 -0.10791 1
 -0.12455 1
 0.02886 1
 0.26705 1
 0.26705 0
 0.31064 1
 0.31064 0
 0.31064 0
 0.31064 0
 0.11275 1
 0.26821 1
 -0.00051 1
 -0.00051 0
 -0.00051 0
 -0.00051 0
 -0.00051 0
 0.29770 1
 1.45045 1
 1.27351 1
 -0.07050 1
 0.88894 1
 1.92914 1
 1.82810 1
 2.19983 1
 2.19983 0
 2.19983 0
 2.19983 0
 1.65342 1
 1.13775 1
 1.13775 0
 0.82880 1
 0.82880 0
 0.60165 1
 0.76156 1
 0.76156 0
 -0.09065 1
 -0.09065 0
 -0.09065 0
 -0.09065 0
 -0.93500 1
 -0.68581 1
 -0.34301 1
 -0.73689 1
 -1.97751 1
 -0.78391 1
 -0.78391 0
 -0.18003 1
 -0.49606 1
 0.77086 1
 0.77086 0
 0.77086 0
 0.77086 0
 0.77086 0
 1.77339 1
 1.29845 1
 2.21629 1
 1.99350 1
 1.73750 1
 1.17320 1
 0.65323 1
 0.65323 0
 0.65323 0
 0.65323 0
 0.78123 1
 0.78123 0
 1.06197 1
 1.06699 1
 1.06699 0
 0.21169 1
 1.39450 1
 1.39450 0
 1.39450 0
 1.39450 0
 1.39450 0
 1.03069 1
 1.24467 1
 1.68519 1
 1.04365 1
 0.80881 1
 0.20938 1
 -0.05838 1
 0.83238 1
 0.83238 0
 0.67190 1
 1.01675 1
 0.27789 1
 0.89181 1
 0.89181 0
 2.01119 1
 0.67408 1
 0.67408 0
 0.28559 1
 1.71868 1
 2.33379 1
 2.33379 0
 1.22645 1
 0.23909 1
 0.23909 0
 0.78200 1
 1.45638 1
 0.62950 1
 0.62950 0
 -0.64167 1
 -1.54404 1
 -1.77543 1
 -1.82226 1
 -1.82226 0
 -1.67416 1
 -1.24766 1
 -0.11056 1
 -0.20627 1
 -0.20627 0
 -0.20627 0
 -0.98126 1
 -0.98126 0
 0.05947 1
 -0.79763 1
 -1.06462 1
 -0.57181 1
 1.05670 1
 0.51640 1
 0.63086 1
 -0.65613 1
 0.88342 1
 2.62164 1
 2.41003 1
 1.53807 1
 1.02167 1
 0.77949 1
 0.69410 1
 0.69410 0
 0.04328 1
 0.01686 1
 0.01686 0
 -0.01132 1
 -0.01132 0
 -0.49520 1
 -1.54258 1
 -0.01203 1
 0.45243 1
 0.45243 0
 0.45243 0
 1.33916 1
 1.33916 0
 1.07786 1
 -0.21754 1
 -0.21754 0
 -0.28673 1
 -0.66729 1
 -0.14552 1
 -0.55394 1
 -0.44375 1
 0.17194 1
 0.64441 1
 -0.11832 1
 -1.02140 1
 -0.40390 1
 0.50032 1
 0.29725 1
 0.29725 0
 0.29725 0
 0.72982 1
 0.63984 1
 0.82355 1
 1.53790 1
 1.70612 1
 1.70612 0
 -0.02662 1
 0.79833 1
 0.34577 1
 0.34577 0
 0.84808 1
 0.90882 1
 0.96962 1
 0.96962 0
 0.96962 0
 1.55048 1
 1.55048 0
 1.55048 0
 1.25279 1
 1.25279 0
 1.49049 1
 1.49049 0
 1.49049 0
 2.15117 1
 0.26450 1
 0.26450 0
 0.33618 1
 0.44359 1
 -0.07201 1
 -0.50058 1
 -0.50058 0
 -0.12800 1
 -0.13825 1
 0.39658 1
 0.39658 0
 0.39658 0
 0.39658 0
 -0.11378 1
 -0.11378 0
 -0.10204 1
 -0.10204 0
 -1.01803 1
 1.23213 1
 0.84873 1
 1.18860 1
 1.18860 0
 2.02111 1
 1.33633 1
 0.51124 1
 1.54859 1
 0.80029 1
 0.70418 1
 0.70418 0
 1.46709 1
 1.46709 0
 0.78277 1
 0.89601 1
 0.89601 0
 0.47708 1
 0.54079 1
 2.26093 1
