 1.03064 1
 0.99175 1
 0.94931 1
 0.82703 1
 0.95757 1
 0.96407 1
 0.79003 1
 0.64598 1
 0.61457 1
 0.81604 1
 0.69687 1
 0.58729 1
 0.64744 1
 0.58619 1
 0.60452 1
 0.52695 1
 0.56248 1
 0.40888 1
 0.39889 1
 0.46077 1
 0.37804 1
 0.43336 1
 0.50118 1
 0.62289 1
 0.58043 1
 0.55127 1
 0.40351 1
 0.37508 1
 0.31027 1
 0.27124 1
 0.32860 1
 0.30509 1
 0.57017 1
 0.76025 1
 0.60659 1
 0.57320 1
 0.63134 1
 0.36694 1
 0.30648 1
 0.31121 1
 0.40705 1
 0.29546 1
 0.24791 1
 0.12304 1
 0.10289 1
 0.25819 1
 0.19524 1
 0.29215 1
 0.21798 1
 0.13925 1
 0.16616 1
 0.40386 1
 0.42777 1
 0.41952 1
 0.48429 1
 0.34967 1
 0.36829 1
 0.42529 1
 0.50648 1
 0.41343 1
 0.43126 1
 0.39676 1
 0.44678 1
 0.33437 1
 0.30022 1
 0.37521 1
 0.29869 1
 0.30425 1
 0.29722 1
 0.26312 1
 0.26413 1
 0.29735 1
 0.34624 1
 0.28267 1
 0.23479 1
 0.27978 1
 0.07808 1
 0.13021 1
 0.20733 1
 0.05657 1
 0.09647 1
 0.25664 1
 0.22104 1
 0.15274 1
 0.34888 1
 0.44402 1
 0.37930 1
 0.33834 1
 0.33834 0
 0.25233 1
 0.10741 1
 0.04998 1
 0.18619 1
 0.22583 1
 0.26003 1
 0.27906 1
 0.29653 1
 0.36642 1
 0.32150 1
 0.25729 1
 0.19202 1
 0.21500 1
 0.19605 1
 0.16383 1
 0.26685 1
 0.12631 1
 0.13933 1
 0.29432 1
 0.31383 1
 0.16499 1
 0.30286 1
 0.35794 1
 0.35794 0
 0.34012 1
 0.21289 1
 0.21723 1
 0.19559 1
 0.23880 1
 0.19151 1
 0.19723 1
 0.19384 1
 0.06306 1
 0.06688 1
 0.08003 1
 0.08003 0
 0.18294 1
 0.14981 1
 0.14535 1
 -0.05874 1
 -0.22564 1
 -0.16084 1
 -0.14953 1
 -0.30595 1
 -0.34678 1
 -0.21790 1
 -0.16179 1
 -0.21366 1
 -0.21812 1
 -0.21812 0
 -0.27258 1
 -0.38317 1
 -0.34756 1
 -0.49448 1
 -0.42187 1
 -0.44185 1
 -0.37458 1
 -0.49068 1
 -0.73427 1
 -0.87069 1
 -0.87728 1
 -0.95597 1
 -1.15061 1
 -1.15719 1
 -1.25760 1
 -1.27651 1
 -1.21113 1
 -1.19715 1
 -1.37265 1
 -1.45718 1
 -1.28586 1
 -1.33909 1
 -1.31802 1
 -1.31802 0
 -1.31316 1
 -1.17741 1
 -1.23747 1
 -1.08978 1
 -1.00440 1
 -0.89568 1
 -0.93749 1
 -0.84611 1
 -0.84611 0
 -0.73143 1
 -0.64365 1
 -0.72610 1
 -0.86065 1
 -1.07025 1
 -1.23575 1
 -1.35053 1
 -1.48943 1
 -1.34242 1
 -1.39399 1
 -1.24283 1
 -1.19930 1
 -1.26006 1
 -1.25734 1
 -1.18754 1
 -1.29791 1
 -1.34018 1
 -1.28962 1
 -1.24680 1
 -1.31260 1
 -1.18254 1
 -1.12326 1
 -1.05940 1
 -0.91570 1
 -1.00696 1
 -1.11814 1
 -0.97331 1
 -0.90727 1
 -0.69529 1
 -0.69529 0
 -0.73298 1
 -0.56085 1
 -0.56085 0
 -0.55898 1
 -0.42130 1
 -0.42130 0
 -0.41806 1
 -0.26265 1
 -0.12442 1
 -0.06348 1
 -0.07621 1
 -0.09655 1
 -0.09655 0
 -0.24103 1
 -0.32080 1
 -0.19349 1
 -0.33378 1
 -0.33143 1
 -0.26252 1
 -0.37077 1
 -0.45117 1
 -0.49044 1
 -0.41171 1
 -0.40248 1
 -0.46504 1
 -0.29131 1
 -0.29131 0
 -0.46602 1
 -0.47452 1
 -0.55595 1
 -0.60074 1
 -0.44613 1
 -0.36872 1
 -0.42187 1
 -0.37201 1
 -0.40463 1
 -0.39119 1
 -0.48731 1
 -0.64600 1
 -0.64600 0
 -0.42620 1
 -0.45719 1
 -0.32050 1
 -0.20156 1
 -0.16348 1
 -0.08248 1
 -0.07730 1
 -0.15108 1
 -0.11467 1
 -0.07548 1
 -0.06347 1
 -0.02085 1
 -0.11259 1
 -0.26736 1
 -0.27147 1
 -0.26692 1
 -0.25387 1
 -0.14618 1
 -0.14618 0
 -0.13031 1
 -0.02358 1
 -0.05542 1
 -0.11258 1
 -0.00311 1
 0.02705 1
 0.03423 1
 0.10816 1
 0.12298 1
 0.01253 1
 0.04249 1
 -0.05570 1
 -0.03787 1
 0.05619 1
 -0.20512 1
 -0.26129 1
 -0.14560 1
 -0.12352 1
 -0.26397 1
 -0.34962 1
 -0.31836 1
 -0.26259 1
 -0.30306 1
 -0.38651 1
 -0.36701 1
 -0.47879 1
 -0.57003 1
 -0.65758 1
 -0.64719 1
 -0.61584 1
 -0.39292 1
 -0.37108 1
 -0.40534 1
 -0.30276 1
 -0.30276 0
 -0.30980 1
 -0.25978 1
 -0.12203 1
 -0.12561 1
 -0.00351 1
 0.06438 1
 -0.18624 1
 -0.28636 1
 -0.36502 1
 -0.41259 1
 -0.29298 1
 -0.31716 1
 -0.12036 1
 -0.08592 1
 -0.11358 1
 -0.10765 1
 -0.12906 1
 -0.02200 1
 0.19531 1
 0.23140 1
 0.23140 0
 0.35488 1
 0.29633 1
 0.32856 1
 0.27292 1
 0.33130 1
 0.20485 1
 0.28704 1
 0.36960 1
 0.32107 1
 0.27434 1
 0.32005 1
 0.25075 1
 0.19764 1
 0.13367 1
 -0.10275 1
 0.01409 1
 -0.03815 1
 0.03621 1
 0.11192 1
 0.12738 1
 0.10783 1
 0.10207 1
 0.17123 1
 0.09521 1
 0.11986 1
 0.08873 1
 0.07759 1
 -0.04264 1
 0.07709 1
 0.00384 1
 -0.00626 1
 0.11695 1
 0.12842 1
 0.19868 1
 0.24873 1
 0.32412 1
 0.27943 1
 0.33002 1
 0.09625 1
 0.00107 1
 -0.02633 1
 -0.27686 1
 -0.38154 1
 -0.31479 1
 -0.31204 1
 -0.24633 1
 -0.22734 1
 -0.20706 1
 -0.20706 0
 -0.02865 1
 0.18018 1
 0.11223 1
 0.14766 1
 0.17232 1
 0.22012 1
 0.16465 1
 0.23388 1
 0.40448 1
 0.47206 1
 0.41070 1
 0.47522 1
 0.55175 1
 0.73716 1
 0.80745 1
 0.95353 1
 1.03677 1
 0.87605 1
 0.83971 1
 0.93822 1
 0.96837 1
 0.86396 1
 0.80176 1
 0.81929 1
 0.72878 1
 0.69172 1
 0.74461 1
 0.73941 1
 0.66473 1
 0.51692 1
 0.38901 1
 0.30421 1
 0.39506 1
 0.56665 1
 0.58050 1
 0.72645 1
 0.63202 1
 0.61360 1
 0.71202 1
 0.71233 1
 0.47203 1
 0.39596 1
 0.52547 1
 0.52908 1
 0.49867 1
 0.49867 0
 0.55748 1
 0.59228 1
 0.55544 1
 0.47630 1
 0.41224 1
 0.24503 1
 0.30693 1
 0.26118 1
 0.27186 1
 0.31763 1
 0.15382 1
 0.05822 1
 0.01187 1
 0.02418 1
 -0.07267 1
 -0.18512 1
 -0.26144 1
 -0.26095 1
 -0.25390 1
 -0.32671 1
 -0.19395 1
 -0.23659 1
 -0.15920 1
 -0.18868 1
 -0.18868 0
 -0.00775 1
 -0.15171 1
 -0.08036 1
 -0.14128 1
 -0.18932 1
 -0.06400 1
 -0.07364 1
 -0.03570 1
 -0.02645 1
 -0.10546 1
 -0.03139 1
 -0.03139 0
 -0.22383 1
 -0.22825 1
 -0.01117 1
 -0.10651 1
 -0.15899 1
 -0.17412 1
 -0.02479 1
 0.09300 1
 0.26361 1
 0.19900 1
 0.11518 1
 0.09711 1
 -0.16445 1
 -0.27143 1
 -0.32408 1
 -0.42766 1
 -0.27484 1
 -0.37705 1
 -0.49251 1
 -0.60515 1
 -0.60515 0
 -0.53653 1
 -0.54012 1
 -0.49384 1
 -0.54768 1
 -0.52876 1
 -0.60586 1
 -0.56100 1
 -0.75060 1
 -0.64901 1
 -0.71299 1
 -0.71299 0
 -0.55146 1
 -0.56139 1
 -0.32565 1
 -0.24424 1
 -0.13333 1
 -0.17915 1
 0.09033 1
 0.06820 1
 0.09440 1
 0.24745 1
 0.27265 1
 0.36258 1
 0.48772 1
 0.42824 1
 0.41654 1
 0.48078 1
 0.62772 1
 0.57312 1
 0.57048 1
 0.46655 1
 0.49475 1
 0.62957 1
 0.70948 1
 0.74210 1
 0.66780 1
 0.67017 1
 0.65288 1
 0.86975 1
 0.89888 1
 0.84237 1
 0.77380 1
 0.67986 1
 0.67712 1
 0.52467 1
 0.38518 1
 0.37268 1
 0.36850 1
 0.58433 1
 0.60991 1
 0.51801 1
 0.46786 1
 0.39166 1
 0.44097 1
 0.41636 1
 0.41634 1
 0.48743 1
 0.45093 1
 0.51477 1
 0.57284 1
 0.65250 1
 0.50558 1
 0.56144 1
 0.51739 1
 0.49260 1
 0.41373 1
 0.53655 1
 0.49575 1
 0.49575 0
 0.55049 1
 0.56028 1
 0.54435 1
 0.35541 1
 0.34125 1
 0.34125 0
 0.30544 1
 0.21997 1
 0.05624 1
 -0.13505 1
 0.07178 1
 -0.00380 1
 0.09279 1
 0.24167 1
 0.33345 1
 0.28101 1
 0.59222 1
 0.64633 1
 0.56520 1
 0.60981 1
 0.60699 1
 0.55953 1
 0.54917 1
 0.61225 1
 0.59871 1
 0.59972 1
 0.63611 1
 0.82745 1
 0.84085 1
 0.89155 1
 0.93184 1
 1.11683 1
 1.09297 1
 1.19457 1
 1.29770 1
 1.39251 1
 1.23955 1
 1.11237 1
 1.06673 1
 0.82109 1
 0.94374 1
 0.93125 1
 0.80563 1
 0.86408 1
 0.76597 1
 0.74579 1
 0.87383 1
 0.87471 1
 0.99302 1
 0.98530 1
 1.22550 1
 1.28321 1
 1.17512 1
 1.20076 1
 1.23029 1
 1.24945 1
 1.17628 1
 1.17940 1
 1.26772 1
 1.29995 1
 1.31607 1
 1.24664 1
 1.36351 1
 1.46068 1
 1.61533 1
 1.64642 1
 1.75714 1
 1.79603 1
 1.68722 1
 1.70799 1
 1.64418 1
 1.48661 1
 1.66000 1
 1.64543 1
 1.94131 1
 1.99437 1
 1.80744 1
 1.80744 0
 1.82704 1
 1.88297 1
 1.76223 1
 1.74727 1
 1.63984 1
 1.68104 1
 1.61055 1
 1.67258 1
 1.53660 1
 1.47601 1
 1.55227 1
 1.67007 1
 1.73363 1
 1.72280 1
 1.70250 1
 1.67120 1
 1.71427 1
 1.68527 1
 1.72232 1
 1.71657 1
 1.66482 1
 1.54391 1
 1.67591 1
 1.69224 1
 1.85016 1
 1.79382 1
 1.84492 1
 1.91537 1
 1.76668 1
 1.80647 1
 1.92769 1
 1.91312 1
 1.81630 1
 1.92215 1
 2.00710 1
 2.09821 1
 2.04869 1
 2.25710 1
 2.25710 0
 2.34275 1
 2.46270 1
 2.46270 0
 2.52661 1
 2.64917 1
 2.71316 1
 2.70351 1
 2.66088 1
 2.66606 1
 2.77135 1
 2.83150 1
 3.01595 1
 2.98142 1
 3.00291 1
 3.04052 1
 3.08361 1
 3.21038 1
 3.19173 1
 3.19173 0
 3.14246 1
 3.28013 1
 3.10272 1
 3.05980 1
 3.01737 1
 2.92628 1
 3.07148 1
 3.34511 1
 3.22801 1
 3.25197 1
 3.34949 1
 3.31065 1
 3.30190 1
 3.30238 1
 3.21889 1
 3.18984 1
 3.17937 1
 3.10988 1
 2.97477 1
 3.00619 1
 2.98517 1
 2.90325 1
 2.82955 1
 2.96048 1
 2.72173 1
 2.62755 1
 2.49249 1
 2.49074 1
 2.60913 1
 2.46232 1
 2.58004 1
 2.69482 1
 2.62100 1
 2.38619 1
 2.28149 1
 2.32011 1
 2.27182 1
 2.26809 1
 2.18845 1
 2.24726 1
 2.27807 1
 2.31775 1
 2.19909 1
 2.14849 1
 1.95872 1
 1.91665 1
 2.03373 1
 1.80961 1
 1.83167 1
 1.71752 1
 1.78833 1
 1.66797 1
 1.68179 1
 1.84366 1
 1.78036 1
 1.73948 1
 1.61263 1
 1.64694 1
 1.84290 1
 1.69433 1
 2.00843 1
 1.92628 1
 1.99975 1
 2.05069 1
 1.92236 1
 1.86389 1
 1.79282 1
 1.58005 1
 1.55864 1
 1.47038 1
 1.47510 1
 1.69359 1
 1.81412 1
 1.77382 1
 1.79492 1
 1.79690 1
 1.84757 1
 1.84757 0
 1.68611 1
 1.60398 1
 1.64997 1
 1.51882 1
 1.54417 1
 1.62070 1
 1.85679 1
 1.82130 1
 1.74124 1
 1.71741 1
 1.73638 1
 1.78669 1
 1.81434 1
 1.77144 1
 1.74329 1
 1.73132 1
 1.73132 0
 1.54572 1
 1.45464 1
 1.44462 1
 1.59954 1
 1.54750 1
 1.61526 1
 1.57272 1
 1.62214 1
 1.55971 1
 1.58154 1
 1.56911 1
 1.57382 1
 1.42564 1
 1.29352 1
 1.29352 0
 1.44513 1
 1.54712 1
 1.56176 1
 1.64898 1
 1.52813 1
 1.52813 1
 1.50004 1
 1.48735 1
 1.44874 1
 1.46153 1
 1.40322 1
 1.09786 1
 1.24828 1
 1.28417 1
 1.23991 1
 1.02838 1
 1.01412 1
 1.01863 1
 1.10675 1
 1.11747 1
 1.03218 1
 1.00213 1
 0.88295 1
 0.87172 1
 0.81939 1
 0.92442 1
 1.02586 1
 1.02088 1
 0.96780 1
 1.18966 1
 1.07572 1
 1.01775 1
 1.01667 1
 0.93109 1
 0.79484 1
 0.70690 1
 0.46803 1
 0.45490 1
 0.66957 1
 0.53515 1
 0.46429 1
 0.52194 1
 0.49495 1
 0.47592 1
 0.29301 1
 0.36347 1
 0.32156 1
 0.28133 1
 0.27662 1
 0.28661 1
 0.20543 1
 0.11550 1
 0.10305 1
 0.02986 1
 0.04516 1
 0.12352 1
 0.21946 1
 0.27899 1
 0.33029 1
 0.29897 1
 0.36539 1
 0.33358 1
 0.32756 1
 0.38071 1
 0.35387 1
 0.26021 1
 0.19689 1
 0.15743 1
 0.10475 1
 0.06692 1
 0.20430 1
 0.37313 1
 0.48359 1
 0.58822 1
 0.70667 1
 0.67030 1
 0.74362 1
 0.79210 1
 0.73651 1
 0.83518 1
 0.89132 1
 0.78769 1
 0.81777 1
 0.78015 1
 0.66560 1
 0.65750 1
 0.50093 1
 0.50093 0
 0.44720 1
 0.44354 1
 0.30650 1
 0.24160 1
 0.44729 1
 0.47215 1
 0.47215 0
 0.47561 1
 0.61368 1
 0.60275 1
 0.57293 1
 0.49153 1
 0.34584 1
 0.49265 1
 0.47793 1
 0.52977 1
 0.52295 1
 0.42319 1
 0.34740 1
 0.39150 1
 0.34552 1
 0.33866 1
 0.35196 1
 0.51176 1
 0.69129 1
 0.69967 1
 0.49793 1
 0.60900 1
 0.72253 1
 0.74337 1
 0.84734 1
 0.84734 0
 0.74159 1
 0.63541 1
 0.82482 1
 0.75304 1
 0.75798 1
 0.69059 1
 0.65127 1
 0.85234 1
 0.80775 1
 0.70396 1
 0.67682 1
 0.80121 1
 0.91978 1
 0.84676 1
 0.84676 0
 0.80277 1
 0.96361 1
 0.84215 1
 0.79664 1
 0.82133 1
 1.04541 1
 0.97552 1
 1.14171 1
 1.11759 1
 1.24507 1
 1.21191 1
 1.36235 1
 1.27689 1
 1.36441 1
 1.18565 1
 1.09302 1
 1.14605 1
 1.19015 1
 1.20140 1
 1.30457 1
 1.35536 1
 1.47046 1
 1.44194 1
 1.41204 1
 1.41204 0
 1.36291 1
 1.28200 1
 1.20989 1
 1.26424 1
 1.13033 1
 1.19066 1
 1.16168 1
 1.39363 1
 1.39644 1
 1.25365 1
 1.22013 1
 1.21793 1
 1.18918 1
 1.25886 1
 1.25886 0
 1.18136 1
 1.26092 1
 1.35278 1
 1.18707 1
 1.10532 1
 1.05406 1
 1.29060 1
 1.45156 1
 1.35887 1
 1.35887 0
 1.35582 1
 1.40282 1
 1.47902 1
 1.43008 1
 1.28509 1
 1.36482 1
 1.36143 1
 1.32166 1
 1.15726 1
 1.09628 1
 1.11989 1
 1.09009 1
 1.02708 1
 0.96706 1
 0.88486 1
 0.88196 1
 0.97446 1
 1.06244 1
 1.12853 1
 1.07895 1
 1.12075 1
 1.21251 1
 1.07085 1
 1.13581 1
 1.27446 1
 1.18756 1
 1.18281 1
 1.18808 1
 1.20591 1
 1.10140 1
 1.24471 1
 1.23693 1
 1.15719 1
 1.19796 1
 1.05023 1
 1.02393 1
 1.10453 1
 1.08072 1
 0.94203 1
 0.95135 1
 0.91154 1
 0.88549 1
 0.82271 1
 1.03099 1
 1.08138 1
 1.09962 1
 0.97160 1
 1.00024 1
 1.14759 1
 1.05063 1
 1.19699 1
 1.20777 1
 1.08325 1
 1.09965 1
 1.03965 1
 1.05550 1
 0.99964 1
 0.79484 1
 0.80791 1
 0.88407 1
 0.85100 1
 0.97002 1
 0.86868 1
 0.85121 1
 0.83025 1
 0.65979 1
 0.50742 1
 0.60247 1
 0.71392 1
 0.70597 1
 0.55904 1
 0.60036 1
 0.71919 1
 0.70404 1
 0.47619 1
 0.39615 1
 0.32906 1
 0.32906 0
 0.46786 1
 0.49988 1
 0.54400 1
 0.71891 1
 0.73428 1
 0.76960 1
 0.83861 1
 0.98900 1
 1.01145 1
 0.80658 1
 0.83024 1
 0.83024 0
 0.85449 1
 0.86529 1
 1.01514 1
 0.89986 1
 0.91807 1
 0.93048 1
 0.92418 1
 0.90441 1
 0.72171 1
 0.64850 1
 0.66320 1
 0.65153 1
 0.54349 1
 0.53558 1
 0.50781 1
 0.58338 1
 0.66825 1
 0.65112 1
 0.61312 1
 0.66734 1
 0.66734 0
 0.88982 1
 1.11907 1
 1.13441 1
 1.05076 1
 1.24960 1
 1.13692 1
 1.06457 1
 1.00164 1
 1.13181 1
 1.18562 1
 1.09396 1
 1.32581 1
 1.28385 1
 1.31052 1
 1.41193 1
 1.41193 0
 1.65078 1
 1.81549 1
 1.86820 1
 1.88328 1
 1.93377 1
 1.97475 1
 1.90084 1
 2.02446 1
 2.06555 1
 1.95717 1
 1.79609 1
 1.77970 1
 1.77116 1
 1.86181 1
 1.84733 1
 1.78951 1
 1.74136 1
 1.72689 1
 1.80968 1
 1.65593 1
 1.50383 1
 1.42525 1
 1.41968 1
 1.55070 1
 1.55070 0
 1.61280 1
 1.47370 1
 1.53753 1
 1.58256 1
 1.54887 1
 1.57618 1
 1.40202 1
 1.40607 1
 1.16487 1
 1.09712 1
 1.00144 1
 1.21658 1
 1.16285 1
 1.14295 1
 1.05853 1
 1.02657 1
 0.90045 1
 0.77859 1
 0.88317 1
 0.88230 1
 0.93214 1
 1.01440 1
 1.06183 1
 1.08473 1
 1.13691 1
 1.26006 1
 1.18632 1
 1.07399 1
 1.10950 1
 0.99298 1
 1.04432 1
 1.00179 1
 1.04447 1
 0.97675 1
 0.80614 1
 0.71266 1
 0.69881 1
 0.68789 1
 0.71022 1
 0.78210 1
 0.99438 1
 0.99071 1
 0.99692 1
 0.88386 1
 0.83660 1
 0.71871 1
 0.94487 1
 0.85721 1
 0.94934 1
 1.08595 1
 0.98919 1
 0.97177 1
 1.13154 1
 1.12184 1
 1.18583 1
 1.16692 1
 1.20247 1
 1.25162 1
 1.19883 1
 1.21050 1
 1.47177 1
 1.43011 1
 1.34664 1
 1.31367 1
 1.42998 1
 1.46337 1
 1.36166 1
 1.39264 1
 1.23799 1
 1.31229 1
 1.29358 1
 1.22806 1
 1.13257 1
 1.25223 1
 1.14542 1
 1.17784 1
 1.00595 1
 0.88967 1
 0.99485 1
 1.01919 1
 0.89682 1
 0.86976 1
 0.92444 1
 0.91767 1
 0.98602 1
 0.77240 1
 0.66595 1
 0.56329 1
 0.35448 1
 0.29213 1
 0.16327 1
 0.22308 1
 0.17951 1
 0.17951 0
 0.35820 1
 0.44528 1
 0.32556 1
 0.27210 1
 0.33606 1
 0.40332 1
 0.26700 1
 0.26700 0
 0.43005 1
 0.37722 1
 0.45928 1
 0.54826 1
 0.44707 1
 0.49208 1
 0.68452 1
 0.67953 1
 0.60740 1
 0.54098 1
 0.38143 1
 0.56377 1
 0.64705 1
 0.74190 1
 0.76738 1
 0.75841 1
 0.66921 1
 0.64247 1
 0.71700 1
 0.67179 1
 0.57378 1
 0.63630 1
 0.67473 1
 0.70122 1
 0.57406 1
 0.38054 1
 0.45186 1
 0.34662 1
 0.46053 1
 0.35283 1
 0.36500 1
 0.28017 1
 0.02069 1
 0.08081 1
 0.05758 1
 -0.03294 1
 -0.08410 1
 -0.10133 1
 -0.04798 1
 0.00090 1
 0.00090 0
 0.11986 1
 0.25732 1
 0.44370 1
 0.50823 1
 0.55929 1
 0.57776 1
 0.47849 1
 0.49199 1
 0.70954 1
 0.66212 1
 0.81282 1
 0.92778 1
 0.93247 1
 0.91290 1
 0.99249 1
 1.21016 1
 1.31244 1
 1.42203 1
 1.42203 0
 1.50784 1
 1.52410 1
 1.50894 1
 1.57461 1
 1.57461 0
 1.73242 1
 1.86881 1
 1.86881 0
 1.83662 1
 1.73284 1
 1.76728 1
 1.68215 1
 1.64470 1
 1.63744 1
 1.56471 1
 1.45774 1
 1.60898 1
 1.52219 1
 1.67190 1
 1.69186 1
 1.72204 1
 1.76764 1
 1.79570 1
 1.73688 1
 1.74925 1
 1.76391 1
 1.75500 1
 1.81156 1
 1.72150 1
 1.77850 1
 1.66374 1
 1.55688 1
 1.62884 1
 1.59946 1
 1.77418 1
 1.85117 1
 1.97864 1
 2.06653 1
 2.14600 1
 2.09868 1
 2.37411 1
 2.28675 1
 2.39362 1
 2.46934 1
 2.44137 1
 2.29170 1
 2.31691 1
 2.35853 1
 2.50657 1
 2.50430 1
 2.50430 0
 2.33812 1
 2.49358 1
 2.40573 1
 2.40573 0
 2.31449 1
 2.43826 1
 2.39131 1
 2.37437 1
 2.31999 1
 2.23812 1
 2.31073 1
 2.39142 1
 2.40165 1
 2.51983 1
 2.40249 1
 2.38871 1
 2.41589 1
 2.42018 1
 2.33247 1
 2.30747 1
 2.39010 1
 2.32946 1
 2.41539 1
 2.31588 1
 2.19081 1
 2.11705 1
 2.11293 1
 2.07936 1
 1.94226 1
 1.89217 1
 2.10064 1
 2.19380 1
 2.17375 1
 2.21231 1
 2.06115 1
 1.99987 1
 2.16318 1
 2.14611 1
 2.10403 1
 2.25061 1
 2.18703 1
 2.16172 1
 2.07866 1
 2.17026 1
 2.21296 1
 2.34139 1
 2.35695 1
 2.32843 1
 2.11697 1
 2.04414 1
 2.09550 1
 2.13637 1
 2.12627 1
 2.25868 1
 2.13499 1
 2.13711 1
 2.14628 1
 2.09107 1
 2.10845 1
 2.02085 1
 1.88764 1
 2.06954 1
 2.06449 1
 1.93143 1
 1.85222 1
 1.97470 1
 1.86604 1
 1.98322 1
 2.01974 1
 1.91221 1
 1.80197 1
 1.85415 1
 1.73503 1
 1.80716 1
 1.94440 1
 1.90961 1
 1.79138 1
 1.71478 1
 1.65755 1
 1.54604 1
 1.56513 1
 1.56092 1
 1.64610 1
 1.61232 1
 1.87198 1
 2.11210 1
 1.97794 1
 1.94055 1
 1.76417 1
 1.55140 1
 1.54214 1
 1.58454 1
 1.58640 1
 1.58640 0
 1.69310 1
 1.73425 1
 1.78430 1
 1.76191 1
 1.68845 1
 1.54478 1
 1.36595 1
 1.35241 1
 1.28365 1
 1.29516 1
 1.25736 1
 1.25714 1
 1.24563 1
 1.28112 1
 1.18285 1
 0.94177 1
 1.05444 1
 1.17053 1
 1.21679 1
 1.12973 1
 1.06481 1
 0.97491 1
 0.95364 1
 0.64916 1
 0.54865 1
 0.63258 1
 0.65293 1
 0.69852 1
 0.68432 1
 0.78969 1
 0.68992 1
 0.63150 1
 0.57926 1
 0.71165 1
 0.76249 1
 0.84002 1
 0.97283 1
 0.97042 1
 0.89719 1
 0.77370 1
 0.96683 1
 1.07470 1
 0.85572 1
 0.97324 1
 0.86033 1
 0.77331 1
 0.70839 1
 0.93757 1
 1.05006 1
 1.05006 0
 0.94554 1
 1.14640 1
 1.27445 1
 0.97183 1
 1.01410 1
 0.96950 1
 1.17758 1
 1.14481 1
 1.37517 1
 1.39715 1
 1.51095 1
 1.56275 1
 1.45959 1
 1.30604 1
 1.31577 1
 1.21163 1
 1.17727 1
 1.21570 1
 1.14600 1
 1.18294 1
 1.14588 1
 1.06621 1
 0.92401 1
 0.92134 1
 0.94072 1
 0.83333 1
 0.87122 1
 0.72327 1
 0.79778 1
 0.89175 1
 0.88795 1
 0.77160 1
 0.81053 1
 0.84275 1
 0.97762 1
 0.98508 1
 0.88045 1
 0.93882 1
 1.01525 1
 0.84978 1
 0.81239 1
 0.93435 1
 0.89989 1
 0.70074 1
 0.63501 1
 0.63501 0
 0.56204 1
 0.56109 1
 0.56175 1
 0.52776 1
 0.48613 1
 0.50812 1
 0.43696 1
 0.52023 1
 0.47402 1
 0.43976 1
 0.62817 1
 0.69706 1
 0.81131 1
 0.76529 1
 0.67166 1
 0.56599 1
 0.62588 1
 0.58864 1
 0.52188 1
 0.54282 1
 0.66193 1
 0.69689 1
 0.68668 1
 0.86773 1
 0.93456 1
 1.00388 1
 0.85169 1
 0.84219 1
 0.77541 1
 0.72487 1
 0.68866 1
 0.76107 1
 0.57619 1
 0.64751 1
 0.76794 1
 0.76746 1
 0.86303 1
 0.94181 1
 0.92163 1
 1.00046 1
 1.04295 1
 1.06129 1
 1.12228 1
 1.08116 1
 1.19748 1
 1.20064 1
 1.38361 1
 1.35428 1
 1.42672 1
 1.46630 1
 1.43201 1
 1.43462 1
 1.37009 1
 1.36669 1
 1.26668 1
 1.34703 1
 1.40966 1
 1.34308 1
 1.40029 1
 1.42152 1
 1.35724 1
 1.40909 1
 1.37029 1
 1.33890 1
 1.20090 1
 0.96714 1
 0.97173 1
 0.91610 1
 0.95287 1
 0.80549 1
 0.92286 1
 0.91616 1
 1.06203 1
 1.24091 1
 1.21670 1
 1.23617 1
 1.21622 1
 1.21867 1
 1.27875 1
 1.22427 1
 1.22427 0
 1.15572 1
 1.23525 1
 1.16028 1
 1.21163 1
 1.09198 1
 1.22794 1
 1.29679 1
 1.42494 1
 1.56947 1
 1.83636 1
 1.98748 1
 1.96010 1
 1.86881 1
 1.86146 1
 1.84354 1
 1.80831 1
 1.79698 1
 1.76160 1
 1.65172 1
 1.63917 1
 1.70098 1
 1.66474 1
 1.61193 1
 1.65921 1
 1.54603 1
 1.49829 1
 1.39862 1
 1.37701 1
 1.43030 1
 1.45442 1
 1.48967 1
 1.46351 1
 1.44179 1
 1.39033 1
 1.32732 1
 1.15954 1
 1.09748 1
 1.09748 0
 1.00075 1
 1.06399 1
 0.90725 1
 0.96242 1
 0.88723 1
 0.89910 1
 0.77549 1
 0.86604 1
 0.95060 1
 1.04603 1
 0.96222 1
 0.86374 1
 0.74903 1
 0.81058 1
 0.76631 1
 0.68966 1
 0.49130 1
 0.49816 1
 0.39809 1
 0.28308 1
 0.24594 1
 0.29426 1
 0.48748 1
 0.56251 1
 0.40989 1
 0.40273 1
 0.27304 1
 0.17782 1
 0.11943 1
 -0.02767 1
 0.05537 1
 0.04855 1
 0.04855 0
 -0.09203 1
 -0.00282 1
 0.03818 1
 0.10712 1
 0.00697 1
 -0.18196 1
 -0.21351 1
 -0.21566 1
 -0.19027 1
 -0.19027 0
 -0.04164 1
 -0.12059 1
 -0.08901 1
 -0.01652 1
 0.08119 1
 0.11080 1
 0.14447 1
 0.07147 1
 -0.07264 1
 0.01978 1
 0.11324 1
 0.05628 1
 0.10040 1
 0.20620 1
 0.18987 1
 0.25041 1
 0.09438 1
 0.09438 0
 0.18079 1
 0.22921 1
 0.24255 1
 0.34356 1
 0.29292 1
 0.32413 1
 0.36913 1
 0.66721 1
 0.48557 1
 0.37503 1
 0.24272 1
 0.27526 1
 0.27979 1
 0.20395 1
 0.21343 1
 0.12776 1
 0.07142 1
 0.15513 1
 0.18518 1
 0.15750 1
 0.34181 1
 0.34181 0
 0.32920 1
 0.34079 1
 0.45472 1
 0.48652 1
 0.51691 1
 0.54103 1
 0.63215 1
 0.78501 1
 0.75076 1
 0.77518 1
 0.73082 1
 0.54439 1
 0.47270 1
 0.46499 1
 0.36709 1
 0.34683 1
 0.32294 1
 0.31913 1
 0.46230 1
 0.39668 1
 0.43070 1
 0.59625 1
 0.49284 1
 0.44705 1
 0.49708 1
 0.61461 1
 0.77053 1
 0.77376 1
 0.85972 1
 0.85428 1
 0.73291 1
 0.67568 1
 0.76738 1
 0.67474 1
 0.73299 1
 0.74877 1
 0.72162 1
 0.70436 1
 0.56806 1
 0.43192 1
 0.41515 1
 0.45240 1
 0.39887 1
 0.45981 1
 0.38099 1
 0.45143 1
 0.43882 1
 0.48339 1
 0.55269 1
 0.48750 1
 0.66662 1
 0.73057 1
 0.84148 1
 0.66512 1
 0.62245 1
 0.56035 1
 0.53098 1
 0.50354 1
 0.54875 1
 0.58440 1
 0.55029 1
 0.50456 1
 0.63603 1
 0.67787 1
 0.69301 1
 0.78253 1
 0.73000 1
 0.77173 1
 0.82452 1
 0.69015 1
 0.68723 1
 0.69335 1
 0.60978 1
 0.48847 1
 0.48659 1
 0.52227 1
 0.30898 1
 0.41679 1
 0.31930 1
 0.30225 1
 0.44826 1
 0.45509 1
 0.39260 1
 0.35447 1
 0.36179 1
 0.31691 1
 0.54782 1
 0.55053 1
 0.47004 1
 0.38931 1
 0.39939 1
 0.29219 1
 0.29430 1
 0.27381 1
 0.06612 1
 -0.05996 1
 0.03319 1
 -0.00277 1
 -0.13373 1
 -0.27190 1
 -0.17526 1
 -0.17705 1
 -0.14014 1
 -0.01989 1
 0.17208 1
 0.12651 1
 0.27166 1
 0.32632 1
 0.33920 1
 0.17629 1
 0.13247 1
 0.01271 1
 0.03044 1
 0.00065 1
 -0.16388 1
 -0.13905 1
 -0.10842 1
 -0.16455 1
 -0.17312 1
 0.01044 1
 0.06808 1
 0.12872 1
 0.16835 1
 0.24533 1
 0.17371 1
 0.07384 1
 0.23375 1
 0.20908 1
 0.20908 0
 0.20908 0
 0.18259 1
 0.18971 1
 0.07700 1
 0.26910 1
 0.32143 1
 0.25616 1
 0.12256 1
 0.13605 1
 0.19187 1
 0.12088 1
 -0.09774 1
 -0.12037 1
 -0.08802 1
 -0.15572 1
 -0.25664 1
 -0.25701 1
 -0.18729 1
 -0.23046 1
 -0.33534 1
 -0.33034 1
 -0.54447 1
 -0.42692 1
 -0.31930 1
 -0.31930 0
 -0.29376 1
 -0.27687 1
 -0.24705 1
 -0.04112 1
 0.05450 1
 0.13914 1
 0.25651 1
 0.11901 1
 0.12966 1
 0.06228 1
 0.00624 1
 0.09196 1
 0.19263 1
 0.22443 1
 0.27051 1
 0.24022 1
 0.13378 1
 0.15639 1
 0.26087 1
 0.26643 1
 0.43290 1
 0.55740 1
 0.44202 1
 0.41939 1
 0.51495 1
 0.60335 1
 0.59270 1
 0.54786 1
 0.62595 1
 0.71253 1
 0.54666 1
 0.40113 1
 0.48681 1
 0.53396 1
 0.50508 1
 0.47250 1
 0.55999 1
 0.50939 1
 0.32171 1
 0.34964 1
 0.20214 1
 0.27421 1
 0.32693 1
 0.37704 1
 0.27403 1
 0.38179 1
 0.28172 1
 0.41620 1
 0.27592 1
 0.39937 1
 0.39937 0
 0.36690 1
 0.40714 1
 0.44404 1
 0.33282 1
 0.31359 1
 0.44139 1
 0.37844 1
 0.33005 1
 0.42743 1
 0.64064 1
 0.54427 1
 0.63159 1
 0.62629 1
 0.80027 1
 0.77740 1
 0.71340 1
 0.75510 1
 0.67351 1
 0.92910 1
 0.75428 1
 0.72111 1
 0.71451 1
 0.63656 1
 0.79912 1
 0.62469 1
 0.59638 1
 0.61742 1
 0.46566 1
 0.52951 1
 0.52737 1
 0.45205 1
 0.46400 1
 0.63722 1
 0.72932 1
 0.75682 1
 0.74909 1
 0.62720 1
 0.63465 1
 0.76570 1
 0.82493 1
 0.87799 1
 0.76944 1
 0.72100 1
 0.71290 1
 0.65093 1
 0.71504 1
 0.67151 1
 0.64088 1
 0.60872 1
 0.65800 1
 0.60859 1
 0.48794 1
 0.44673 1
 0.48853 1
 0.57181 1
 0.43252 1
 0.37270 1
 0.47348 1
 0.55250 1
 0.66856 1
 0.65660 1
 0.63715 1
 0.69191 1
 0.63374 1
 0.65174 1
 0.57117 1
 0.53781 1
 0.61513 1
 0.62014 1
 0.85602 1
 0.86285 1
 0.82351 1
 0.81146 1
 0.80265 1
 0.84938 1
 0.97499 1
 1.04070 1
 1.15855 1
 1.45950 1
 1.43090 1
 1.50217 1
 1.54111 1
 1.53120 1
 1.68260 1
 1.68187 1
 1.65392 1
 1.65393 1
 1.60041 1
 1.58904 1
 1.41935 1
 1.40270 1
 1.25405 1
 1.14296 1
 1.19978 1
 1.24830 1
 1.24663 1
 1.24550 1
 1.13086 1
 1.05860 1
 0.97739 1
 0.85560 1
 0.93185 1
 0.89993 1
 1.00799 1
 1.14298 1
 1.15811 1
 1.30625 1
 1.37797 1
 1.38319 1
 1.22709 1
 1.22709 0
 1.30294 1
 1.37179 1
 1.44132 1
 1.46024 1
 1.50860 1
 1.46365 1
 1.45779 1
 1.32407 1
 1.25015 1
 1.25985 1
 1.18641 1
 1.20019 1
 1.21931 1
 1.20969 1
 1.28502 1
 1.03523 1
 1.17383 1
 1.50229 1
 1.46867 1
 1.36386 1
 1.36116 1
 1.31774 1
 1.29311 1
 1.36531 1
 1.24264 1
 1.32812 1
 1.41020 1
 1.38925 1
 1.16752 1
 1.17616 1
 1.07179 1
 1.00459 1
 0.92123 1
 0.99757 1
 1.11908 1
 1.15351 1
 1.08522 1
 1.27659 1
 1.52170 1
 1.40643 1
 1.37511 1
 1.36977 1
 1.32338 1
 1.22750 1
 1.19836 1
 1.34390 1
 1.31027 1
 1.28504 1
 1.29268 1
 1.24322 1
 1.32645 1
 1.32208 1
 1.20842 1
 1.27130 1
 1.36757 1
 1.38052 1
 1.35273 1
 1.22414 1
 1.27793 1
 1.17225 1
 1.08006 1
 1.09879 1
 0.97289 1
 0.86766 1
 0.90867 1
 0.87927 1
 0.62325 1
 0.56916 1
 0.56184 1
 0.57685 1
 0.51801 1
 0.45448 1
 0.31136 1
 0.34398 1
 0.39808 1
 0.34185 1
 0.30763 1
 0.30344 1
 0.34401 1
 0.50811 1
 0.51493 1
 0.48171 1
 0.44082 1
 0.47852 1
 0.32119 1
 0.34029 1
 0.26119 1
 0.23368 1
 0.39832 1
 0.38226 1
 0.36988 1
 0.34062 1
 0.28356 1
 0.16845 1
 0.22342 1
 0.10604 1
 0.12911 1
 0.20937 1
 0.07451 1
 0.14520 1
 0.09964 1
 0.07591 1
 0.03722 1
 0.10652 1
 0.16938 1
 0.17089 1
 0.11590 1
 0.19690 1
 0.29173 1
 0.23609 1
 0.33882 1
 0.45130 1
 0.53902 1
 0.65715 1
 0.90313 1
 0.99387 1
 1.21960 1
 1.06940 1
 1.12568 1
 0.99993 1
 0.93438 1
 0.96179 1
 1.09165 1
 1.19039 1
 1.37240 1
 1.35165 1
 1.41534 1
 1.40816 1
 1.21929 1
 1.26014 1
 1.47083 1
 1.52494 1
 1.54690 1
 1.53214 1
 1.54229 1
 1.52046 1
 1.54674 1
 1.71764 1
 1.78486 1
 1.86492 1
 1.87794 1
 1.93655 1
 2.04094 1
 2.16283 1
 2.22100 1
 2.22100 0
 2.26453 1
 2.37962 1
 2.48169 1
 2.46150 1
 2.36437 1
 2.52193 1
 2.41460 1
 2.37908 1
 2.37478 1
 2.49182 1
 2.41455 1
 2.41462 1
 2.50961 1
 2.54992 1
 2.70902 1
 2.88450 1
 2.83937 1
 2.74707 1
 2.82289 1
 2.81356 1
 2.62564 1
 2.77705 1
 2.83599 1
 2.86387 1
 2.97104 1
 2.69143 1
 2.67652 1
 2.72435 1
 2.72435 0
 2.90615 1
 3.17668 1
 3.05718 1
 3.02963 1
 2.93716 1
 2.91396 1
 2.88873 1
 2.86834 1
 2.86473 1
 2.99160 1
 3.06200 1
 3.05502 1
 2.98229 1
 2.88751 1
 2.86649 1
 2.84369 1
 2.77435 1
 2.58353 1
 2.63190 1
 2.63745 1
 2.51184 1
 2.43007 1
 2.41008 1
 2.50033 1
 2.46763 1
 2.46763 0
 2.46763 0
 2.26242 1
 2.24489 1
 2.34726 1
 2.20875 1
 2.27515 1
 2.29850 1
 2.09935 1
 2.14690 1
 2.10989 1
 2.21476 1
 2.54688 1
 2.43065 1
 2.60195 1
 2.52922 1
 2.46823 1
 2.41607 1
 2.58954 1
 2.60563 1
 2.74140 1
 2.87952 1
 2.95734 1
 2.96624 1
 3.04165 1
 2.92739 1
 2.85186 1
 2.75144 1
 2.71524 1
 2.74817 1
 2.72690 1
 2.72690 0
 2.57288 1
 2.59629 1
 2.49674 1
 2.58426 1
 2.55972 1
 2.49956 1
 2.57427 1
 2.55481 1
 2.45230 1
 2.42851 1
 2.44710 1
 2.53006 1
 2.56831 1
 2.46023 1
 2.40751 1
 2.19142 1
 2.08636 1
 2.20449 1
 2.23562 1
 2.34952 1
 2.42128 1
 2.33081 1
 2.57915 1
 2.45862 1
 2.58007 1
 2.55482 1
 2.57816 1
 2.59410 1
 2.57390 1
 2.56441 1
 2.51173 1
 2.45008 1
 2.38801 1
 2.41978 1
 2.41978 0
 2.45699 1
 2.30617 1
 2.11330 1
 2.05659 1
 2.07247 1
 1.97793 1
 1.86766 1
 1.81803 1
 1.82628 1
 1.97863 1
 1.95013 1
 1.97580 1
 1.97580 0
 1.90162 1
 1.92651 1
 1.71834 1
 1.62560 1
 1.55255 1
 1.51592 1
 1.45268 1
 1.43918 1
 1.56431 1
 1.52244 1
 1.66125 1
 1.82991 1
 1.71071 1
 1.59203 1
 1.47197 1
 1.47934 1
 1.38167 1
 1.41320 1
 1.37227 1
 1.36053 1
 1.39343 1
 1.23464 1
 1.25431 1
 1.20820 1
 1.22525 1
 1.21775 1
 1.04611 1
 0.96317 1
 0.89045 1
 0.89650 1
 0.99621 1
 1.16741 1
 1.05153 1
 0.93904 1
 0.83057 1
 0.98408 1
 0.97833 1
 1.01365 1
 1.03479 1
 1.03342 1
 1.06023 1
 1.05570 1
 0.96142 1
 0.98120 1
 0.95295 1
 0.96396 1
 0.90615 1
 0.85574 1
 0.78521 1
 0.78588 1
 0.88900 1
 1.03783 1
 0.97950 1
 0.95379 1
 0.96512 1
 0.88227 1
 0.96648 1
 1.00335 1
 0.97822 1
 1.08202 1
 0.94975 1
 0.88315 1
 0.90779 1
 1.03510 1
 0.94152 1
 0.96634 1
 0.98044 1
 0.97499 1
 0.92891 1
 0.86698 1
 0.74451 1
 0.58902 1
 0.69466 1
 0.63607 1
 0.75989 1
 0.71539 1
 0.66664 1
 0.72899 1
 0.69944 1
 0.54554 1
 0.68135 1
 0.59147 1
 0.59005 1
 0.51118 1
 0.35227 1
 0.33407 1
 0.47032 1
 0.41401 1
 0.35072 1
 0.28818 1
 0.31071 1
 0.29764 1
 0.09928 1
 0.22341 1
 0.09665 1
 0.20001 1
 -0.11594 1
 -0.05303 1
 -0.13732 1
 0.12576 1
 0.02948 1
 0.11183 1
 0.13953 1
 0.14125 1
 0.03204 1
 0.13495 1
 0.04104 1
 -0.13878 1
 -0.19329 1
 -0.20698 1
 -0.14964 1
 -0.20055 1
 -0.27302 1
 -0.29811 1
 -0.39247 1
 -0.28344 1
 -0.39484 1
 -0.59412 1
 -0.77495 1
 -0.87963 1
 -0.87963 0
 -0.78726 1
 -0.74567 1
 -0.82333 1
 -1.01837 1
 -0.91123 1
 -0.81632 1
 -0.92624 1
 -0.99863 1
 -1.00473 1
 -1.08574 1
 -0.84643 1
 -0.86651 1
 -0.77630 1
 -0.90382 1
 -0.90382 0
 -1.12445 1
 -1.24519 1
 -1.36460 1
 -1.41670 1
 -1.26876 1
 -1.29793 1
 -1.28971 1
 -1.28971 0
 -1.19672 1
 -1.12584 1
 -1.08324 1
 -0.90970 1
 -0.92409 1
 -0.98610 1
 -0.99088 1
 -1.01466 1
 -0.96661 1
 -0.94825 1
 -0.85420 1
 -0.83607 1
 -0.95458 1
 -0.80649 1
 -0.73697 1
 -0.74835 1
 -0.66279 1
 -0.66424 1
 -0.70925 1
 -0.73589 1
 -0.44612 1
 -0.64727 1
 -0.77577 1
 -0.88429 1
 -0.94548 1
 -0.95452 1
 -1.01613 1
 -0.83964 1
 -0.76990 1
 -0.72224 1
 -0.77680 1
 -0.78293 1
 -0.67464 1
 -0.53803 1
 -0.57418 1
 -0.40739 1
 -0.49125 1
 -0.48761 1
 -0.56971 1
 -0.53857 1
 -0.53857 0
 -0.57083 1
 -0.36887 1
 -0.29068 1
 -0.36043 1
 -0.42078 1
 -0.43304 1
 -0.50870 1
 -0.50677 1
 -0.48841 1
 -0.52619 1
 -0.51772 1
 -0.52698 1
 -0.45705 1
 -0.29691 1
 -0.20367 1
 -0.26428 1
 -0.34066 1
 -0.31507 1
 -0.41251 1
 -0.44264 1
 -0.29219 1
 -0.18780 1
 -0.15117 1
 -0.23464 1
 -0.06745 1
 -0.05115 1
 -0.12830 1
 -0.24542 1
 -0.24414 1
 -0.08011 1
 -0.06452 1
 0.02658 1
 0.11266 1
 -0.00342 1
 0.02242 1
 -0.03437 1
 0.04417 1
 0.01156 1
 0.19776 1
 0.20139 1
 0.30446 1
 0.36837 1
 0.36978 1
 0.36978 0
 0.45422 1
 0.57541 1
 0.43504 1
 0.44509 1
 0.35768 1
 0.42359 1
 0.38879 1
 0.32340 1
 0.35129 1
 0.27643 1
 0.27643 0
 0.42439 1
 0.45021 1
 0.35959 1
 0.37872 1
 0.38528 1
 0.29027 1
 0.14914 1
 0.20301 1
 0.14392 1
 -0.01078 1
 0.12767 1
 0.10059 1
 0.09348 1
 0.06147 1
 0.01188 1
 -0.04615 1
 -0.11204 1
 -0.13504 1
 -0.11471 1
 0.09721 1
 0.00662 1
 0.04823 1
 0.09743 1
 0.01046 1
 0.04310 1
 -0.01154 1
 -0.03234 1
 -0.16874 1
 -0.14293 1
 -0.07594 1
 -0.09388 1
 -0.21256 1
 -0.16985 1
 -0.08624 1
 -0.14974 1
 0.09761 1
 0.15857 1
 0.21093 1
 0.22567 1
 0.25167 1
 0.15692 1
 0.26551 1
 0.35153 1
 0.40845 1
 0.40234 1
 0.39850 1
 0.36237 1
 0.36237 0
 0.35749 1
 0.37345 1
 0.30720 1
 0.37350 1
 0.45558 1
 0.57680 1
 0.59398 1
 0.65181 1
 0.83042 1
 1.00557 1
 1.08770 1
 1.02236 1
 1.02985 1
 1.09555 1
 1.17116 1
 1.35680 1
 1.24665 1
 1.18452 1
 1.16043 1
 1.19806 1
 0.97347 1
 0.85907 1
 0.90133 1
 0.95023 1
 0.94683 1
 0.83821 1
 0.88493 1
 0.89228 1
 1.08165 1
 0.99291 1
 1.07783 1
 1.01480 1
 1.04410 1
 1.04677 1
 1.24012 1
 1.14514 1
 1.16650 1
 1.22616 1
 1.24427 1
 1.28224 1
 1.29162 1
 1.30903 1
 1.31626 1
 1.29774 1
 1.25662 1
 1.09726 1
 1.26674 1
 1.25979 1
 1.43928 1
 1.61006 1
 1.61622 1
 1.45592 1
 1.49283 1
 1.37906 1
 1.33920 1
 1.44678 1
 1.37126 1
 1.45824 1
 1.17100 1
 1.27981 1
 1.40594 1
 1.29489 1
 1.22057 1
 1.25013 1
 1.34275 1
 1.26410 1
 1.24218 1
 1.14669 1
 1.12986 1
 0.97583 1
 1.11292 1
 1.17923 1
 1.32065 1
 1.27010 1
 1.47556 1
 1.58053 1
 1.51205 1
 1.59485 1
 1.62245 1
 1.52284 1
 1.68605 1
 1.51379 1
 1.63640 1
 1.70318 1
 1.73732 1
 1.68813 1
 1.77849 1
 1.62269 1
 1.66528 1
 1.61367 1
 1.68179 1
 1.48076 1
 1.41753 1
 1.46191 1
 1.35513 1
 1.39792 1
 1.58016 1
 1.51027 1
 1.68330 1
 1.68141 1
 1.70031 1
 1.74268 1
 1.73998 1
 1.81463 1
 1.86943 1
 1.94738 1
 1.95813 1
 1.85962 1
 1.90749 1
 1.81628 1
 1.86520 1
 1.82319 1
 1.91047 1
 1.84296 1
 1.71133 1
 1.79500 1
 1.79653 1
 1.76610 1
 1.67291 1
 1.80292 1
 1.88201 1
 2.01036 1
 1.91226 1
 1.94881 1
 1.93251 1
 1.95039 1
 1.92507 1
 2.02791 1
 2.09634 1
 2.16774 1
 2.24194 1
 2.28619 1
 2.26871 1
 2.21736 1
 2.25013 1
 2.30586 1
 2.30586 0
 2.04152 1
 1.92758 1
 2.14209 1
 2.40168 1
 2.42146 1
 2.46426 1
 2.46971 1
 2.57069 1
 2.59838 1
 2.49978 1
 2.49405 1
 2.47850 1
 2.35960 1
 2.21125 1
 2.31365 1
 2.27602 1
 2.36134 1
 2.30456 1
 2.17692 1
 2.24961 1
 2.27790 1
 2.36728 1
 2.28579 1
 2.28391 1
 2.37261 1
 2.40554 1
 2.40554 0
 2.30622 1
 2.37912 1
 2.51379 1
 2.63346 1
 2.70990 1
 2.67354 1
 2.63943 1
 2.59355 1
 2.66423 1
 2.66423 0
 2.61165 1
 2.60499 1
 2.61217 1
 2.80197 1
 2.87727 1
 2.86722 1
 2.91617 1
 2.93829 1
 2.80731 1
 2.68181 1
 2.84852 1
 2.80756 1
 2.77870 1
 2.81702 1
 2.99768 1
 3.08645 1
 3.14676 1
 3.27207 1
 3.17062 1
 3.16278 1
 3.19501 1
 3.20969 1
 3.23833 1
 3.16049 1
 3.16464 1
 3.39074 1
 3.44156 1
 3.44156 0
 3.59180 1
 3.70208 1
 3.58534 1
 3.84130 1
 3.82363 1
 3.82363 0
 3.85195 1
 3.93522 1
 3.72860 1
 3.64442 1
 3.78619 1
 3.78975 1
 3.90843 1
 3.90979 1
 3.82023 1
 3.76331 1
 3.77376 1
 3.76309 1
 3.81027 1
 3.84910 1
 3.73498 1
 3.64977 1
 3.57717 1
 3.57954 1
 3.63528 1
 3.57515 1
 3.56854 1
 3.68746 1
 3.71491 1
 3.82261 1
 3.86067 1
 3.85894 1
 3.85894 0
 3.89222 1
 3.86988 1
 3.82130 1
 3.67669 1
 3.75707 1
 3.74883 1
 3.84969 1
 3.84969 0
 3.89866 1
 3.85160 1
 3.65593 1
 3.65145 1
 3.68915 1
 3.51561 1
 3.62788 1
 3.69280 1
 3.69280 0
 3.60927 1
 3.50802 1
 3.64682 1
 3.72881 1
 3.73823 1
 3.81446 1
 3.73810 1
 3.78120 1
 3.72659 1
 3.90084 1
 3.83947 1
 3.79953 1
 3.96812 1
 4.04255 1
 4.09331 1
 4.20541 1
 4.32621 1
 4.39412 1
 4.25102 1
 4.25179 1
 4.26962 1
 4.13563 1
 4.14161 1
 4.07447 1
 4.17587 1
 4.12867 1
 4.28583 1
 4.32712 1
 4.37968 1
 4.35436 1
 4.42822 1
 4.52705 1
 4.72543 1
 4.59436 1
 4.72930 1
 4.68997 1
 4.60201 1
 4.49383 1
 4.43017 1
 4.63343 1
 4.56821 1
 4.59788 1
 4.59666 1
 4.67308 1
 4.71086 1
 4.76885 1
 4.85017 1
 4.83525 1
 5.05225 1
 5.09985 1
 5.08097 1
 5.01183 1
 4.98026 1
 4.98098 1
 4.97861 1
 4.92805 1
 5.05357 1
 5.09064 1
 5.09064 0
 5.10736 1
 5.04331 1
 5.08002 1
 5.00892 1
 5.09082 1
 5.11817 1
 5.11152 1
 5.18146 1
 5.28146 1
 5.28070 1
 5.17925 1
 5.09868 1
 5.06377 1
 5.11078 1
 5.05622 1
 5.16656 1
 5.16654 1
 5.01232 1
 5.01610 1
 4.86724 1
 4.76211 1
 4.62346 1
 4.74177 1
 4.70608 1
 4.71919 1
 4.68052 1
 4.75570 1
 4.74871 1
 4.65219 1
 4.67541 1
 4.58625 1
 4.57245 1
 4.57387 1
 4.58048 1
 4.58643 1
 4.56923 1
 4.63546 1
 4.53384 1
 4.66578 1
 4.78828 1
 4.76874 1
 4.88357 1
 4.80382 1
 4.85423 1
 4.64931 1
 4.40682 1
 4.38865 1
 4.33644 1
 4.48549 1
 4.43677 1
 4.28535 1
 4.26322 1
 4.24619 1
 4.16567 1
 4.09201 1
 3.92289 1
 4.09446 1
 3.96302 1
 3.95776 1
 3.97123 1
 4.00510 1
 3.89445 1
 4.03491 1
 4.22818 1
 4.33467 1
 4.53407 1
 4.53661 1
 4.59253 1
 4.40735 1
 4.37991 1
 4.37991 0
 4.21974 1
 4.16919 1
 4.12080 1
 4.08722 1
 4.13604 1
 4.13241 1
 4.03703 1
 3.99457 1
 3.99438 1
 3.92164 1
 3.88906 1
 3.81559 1
 3.78578 1
 3.84201 1
 3.95700 1
 3.89628 1
 3.96189 1
 4.02430 1
 4.22222 1
 4.28389 1
 4.19509 1
 4.22711 1
 4.28784 1
 4.24092 1
 4.26958 1
 4.17575 1
 4.11769 1
 3.87518 1
 3.93140 1
 3.96929 1
 3.93080 1
 3.89766 1
 3.97908 1
 4.06100 1
 3.96870 1
 3.89147 1
 3.78809 1
 3.79171 1
 3.77210 1
 4.07418 1
 4.06884 1
 3.96426 1
 3.89059 1
 3.91246 1
 4.09414 1
 4.02929 1
 4.07205 1
 4.28608 1
 4.15739 1
 4.34557 1
 4.38194 1
 4.36371 1
 4.38927 1
 4.15560 1
 4.31528 1
 4.44740 1
 4.53124 1
 4.50332 1
 4.40319 1
 4.41198 1
 4.40070 1
 4.38209 1
 4.23856 1
 4.40207 1
 4.52261 1
 4.58628 1
 4.32193 1
 3.99729 1
 4.06499 1
 3.99713 1
 3.95792 1
 3.89538 1
 3.90200 1
 3.96114 1
 3.92828 1
 3.98764 1
 3.97744 1
 4.07998 1
 3.89205 1
 4.05713 1
 3.97292 1
 3.93785 1
 3.85157 1
 3.80141 1
 3.89317 1
 3.69933 1
 3.75169 1
 3.72174 1
 3.77555 1
 3.81249 1
 3.91210 1
 4.13241 1
 4.25135 1
 4.20030 1
 4.35443 1
 4.33936 1
 4.39925 1
 4.26880 1
 4.17256 1
 4.15778 1
 4.15778 0
 4.20594 1
 4.21881 1
 4.23931 1
 3.95161 1
 4.12085 1
 4.14229 1
 4.19030 1
 4.10491 1
 3.90126 1
 3.86609 1
 3.87643 1
 3.86359 1
 3.91576 1
 3.93788 1
 3.98090 1
 4.05906 1
 3.94941 1
 3.79983 1
 3.86949 1
 3.82985 1
 3.97237 1
 3.97936 1
 4.01602 1
 3.98228 1
 4.04033 1
 3.74274 1
 3.62961 1
 3.70522 1
 3.88099 1
 4.03807 1
 4.07802 1
 4.04589 1
 4.11133 1
 4.17309 1
 4.17069 1
 4.15476 1
 4.31465 1
 4.27202 1
 4.32718 1
 4.41628 1
 4.21303 1
 4.17985 1
 4.11038 1
 4.11318 1
 4.12257 1
 4.15489 1
 4.15489 0
 4.04408 1
 4.20683 1
 4.12447 1
 3.91440 1
 3.85347 1
 3.81588 1
 3.73332 1
 3.66171 1
 3.66171 0
 3.71236 1
 3.74815 1
 3.60330 1
 3.41579 1
 3.47277 1
 3.54005 1
 3.49608 1
 3.41771 1
 3.51270 1
 3.51427 1
 3.50278 1
 3.51557 1
 3.39791 1
 3.25791 1
 3.16257 1
 3.33793 1
 3.29525 1
 3.31554 1
 3.30884 1
 3.25935 1
 3.01982 1
 2.87711 1
 3.12771 1
 2.90302 1
 2.88655 1
 2.92969 1
 2.81268 1
 2.83873 1
 2.93842 1
 2.98508 1
 3.15617 1
 3.16602 1
 3.22736 1
 3.28496 1
 3.39240 1
 3.35409 1
 3.45812 1
 3.28955 1
 3.37758 1
 3.26628 1
 3.37920 1
 3.42394 1
 3.36399 1
 3.35202 1
 3.24061 1
 3.25317 1
 3.28887 1
 3.29514 1
 3.25408 1
 3.12806 1
 3.08652 1
 3.06500 1
 3.06500 0
 2.81083 1
 2.77544 1
 2.68544 1
 2.74536 1
 2.90059 1
 2.84880 1
 2.79621 1
 2.94274 1
 2.96302 1
 2.83647 1
 2.95762 1
 2.93211 1
 2.87342 1
 2.90544 1
 2.76910 1
 2.80194 1
 2.70935 1
 2.66422 1
 2.52424 1
 2.62487 1
 2.75482 1
 2.87648 1
 2.61171 1
 2.64703 1
 2.60599 1
 2.48296 1
 2.49606 1
 2.48596 1
 2.33712 1
 2.29890 1
 2.29168 1
 2.32519 1
 2.30253 1
 2.32233 1
 2.35004 1
 2.29132 1
 2.40256 1
 2.40259 1
 2.43122 1
 2.36238 1
 2.37726 1
 2.51375 1
 2.53049 1
 2.34025 1
 2.44634 1
 2.49487 1
 2.50081 1
 2.59024 1
 2.62244 1
 2.64943 1
 2.72856 1
 2.66126 1
 2.65304 1
 2.58845 1
 2.68988 1
 2.56583 1
 2.72326 1
 2.71813 1
 2.53983 1
 2.77254 1
 2.44771 1
 2.40919 1
 2.34030 1
 2.31968 1
 2.38641 1
 2.48425 1
 2.30158 1
 2.20202 1
 2.23917 1
 2.33728 1
 2.43802 1
 2.43802 0
 2.32650 1
 2.39609 1
 2.25068 1
 2.20296 1
 2.24222 1
 2.21783 1
 2.23561 1
 2.08056 1
 2.24921 1
 2.07400 1
 2.09424 1
 2.08848 1
 2.05994 1
 2.14725 1
 2.14725 0
 2.06400 1
 2.23375 1
 2.14169 1
 2.13736 1
 2.14999 1
 2.08908 1
 2.03847 1
 2.08501 1
 2.27843 1
 2.36705 1
 2.45564 1
 2.44702 1
 2.56296 1
 2.59515 1
 2.51784 1
 2.41879 1
 2.36970 1
 2.46680 1
 2.54703 1
 2.53469 1
 2.69694 1
 2.74136 1
 2.77135 1
 2.74809 1
 2.68967 1
 2.58968 1
 2.63095 1
 2.64189 1
 2.66808 1
 2.60728 1
 2.71447 1
 2.71447 0
 2.75052 1
 2.76336 1
 2.76051 1
 2.79226 1
 2.89059 1
 2.89059 0
 2.81280 1
 2.78230 1
 2.96202 1
 3.13514 1
 3.30463 1
 3.32733 1
 3.32733 0
 3.18420 1
 3.32470 1
 3.24435 1
 3.40733 1
 3.37466 1
 3.50659 1
 3.52937 1
 3.55866 1
 3.49939 1
 3.53454 1
 3.61093 1
 3.57829 1
 3.54922 1
 3.51893 1
 3.51893 0
 3.48788 1
 3.36313 1
 3.27171 1
 3.08921 1
 3.12855 1
 3.15226 1
 3.02613 1
 3.06986 1
 2.91959 1
 2.92558 1
 2.84556 1
 2.83748 1
 2.86607 1
 2.75068 1
 2.76988 1
 2.79842 1
 2.92458 1
 2.90219 1
 2.85115 1
 2.74391 1
 2.81098 1
 2.93419 1
 2.97528 1
 3.02327 1
 3.02737 1
 2.82144 1
 2.86666 1
 3.05915 1
 2.93751 1
 2.72803 1
 2.75922 1
 2.86012 1
 2.85228 1
 2.88320 1
 2.85777 1
 2.83053 1
 2.70298 1
 2.79382 1
 2.79422 1
 2.77937 1
 2.78651 1
 2.62308 1
 2.62013 1
 2.58263 1
 2.42292 1
 2.37447 1
 2.47541 1
 2.67894 1
 2.57442 1
 2.42034 1
 2.43642 1
 2.49422 1
 2.51070 1
 2.56790 1
 2.66386 1
 2.78251 1
 2.78251 0
 2.81317 1
 2.94860 1
 2.96682 1
 3.04215 1
 3.12468 1
 3.18548 1
 3.25701 1
 3.01671 1
 3.19111 1
 3.18605 1
 3.32290 1
 3.17696 1
 3.04577 1
 3.15740 1
 3.21097 1
 3.00711 1
 2.84645 1
 2.81670 1
 2.72390 1
 2.68989 1
 2.68456 1
 2.68823 1
 2.64524 1
 2.57116 1
 2.78206 1
 2.79245 1
 2.79680 1
 2.70316 1
 2.79129 1
 2.83924 1
 2.83924 0
 2.91915 1
 2.96132 1
 2.84820 1
 2.81271 1
 2.79351 1
 2.68733 1
 2.72270 1
 2.98944 1
 3.00652 1
 2.90946 1
 2.93486 1
 2.96730 1
 3.09770 1
 3.15772 1
 3.30448 1
 3.30448 0
 3.34585 1
 3.40452 1
 3.35961 1
 3.30122 1
 3.31166 1
 3.17534 1
 3.09749 1
 3.20483 1
 3.36414 1
 3.51867 1
 3.53871 1
 3.49462 1
 3.50639 1
 3.50639 0
 3.48983 1
 3.53715 1
 3.47957 1
 3.67037 1
 3.58946 1
 3.46000 1
 3.39865 1
 3.44377 1
 3.56873 1
 3.56714 1
 3.51971 1
 3.59949 1
 3.47873 1
 3.60787 1
 3.62210 1
 3.77421 1
 3.68157 1
 3.74883 1
 3.69090 1
 3.78554 1
 3.77803 1
 3.76689 1
 3.77067 1
 3.77067 0
 3.70159 1
 3.56162 1
 3.53744 1
 3.56550 1
 3.53107 1
 3.66908 1
 3.70280 1
 3.71368 1
 3.75052 1
 3.71564 1
 3.71780 1
 3.56774 1
 3.57473 1
 3.37562 1
 3.44209 1
 3.56258 1
 3.52347 1
 3.63874 1
 3.63874 0
 3.37971 1
 3.30555 1
 3.18729 1
 3.21089 1
 3.27037 1
 3.22397 1
 3.15756 1
 3.18532 1
 3.18532 0
 3.15752 1
 3.09024 1
 3.27653 1
 3.46441 1
 3.38809 1
 3.33375 1
 3.35372 1
 3.47841 1
 3.37166 1
 3.37166 0
 3.31141 1
 3.51949 1
 3.47857 1
 3.66356 1
 3.54969 1
 3.38817 1
 3.30792 1
 3.33700 1
 3.41280 1
 3.27229 1
 3.39843 1
 3.29135 1
 3.37087 1
 3.33517 1
 3.33943 1
 3.32812 1
 3.47261 1
 3.38217 1
 3.38217 0
 3.36147 1
 3.34797 1
 3.25412 1
 3.25412 0
 3.25290 1
 3.07408 1
 3.31446 1
 3.39107 1
 3.39020 1
 3.35824 1
 3.28648 1
 3.27526 1
 3.22863 1
 3.21958 1
 3.20110 1
 3.15384 1
 3.27620 1
 3.07593 1
 3.10182 1
 3.04871 1
 3.04038 1
 3.22843 1
 3.28825 1
 3.18356 1
 3.16840 1
 3.06565 1
 3.19599 1
 3.34582 1
 3.37170 1
 3.26615 1
 3.09066 1
 3.16371 1
 3.20302 1
 3.27023 1
 3.20478 1
 3.23216 1
 3.13069 1
 3.12476 1
 3.08806 1
 3.11972 1
 3.20680 1
 3.08440 1
 3.12546 1
 3.08558 1
 3.16645 1
 3.38228 1
 3.30045 1
 3.41395 1
 3.50276 1
 3.34522 1
 3.45115 1
 3.42631 1
 3.46027 1
 3.50045 1
 3.46800 1
 3.46800 0
 3.47800 1
 3.31025 1
 3.23709 1
 3.39751 1
 3.47647 1
 3.47647 0
 3.44752 1
 3.52644 1
 3.38475 1
 3.28871 1
 3.15883 1
 3.05553 1
 2.95284 1
 2.78836 1
 2.67439 1
 2.68168 1
 2.68015 1
 2.71358 1
 2.58568 1
 2.51262 1
 2.46022 1
 2.61978 1
 2.49545 1
 2.51760 1
 2.46966 1
 2.52505 1
 2.47077 1
 2.47892 1
 2.40845 1
 2.31578 1
 2.15204 1
 2.23812 1
 2.36595 1
 2.40570 1
 2.45190 1
 2.30507 1
 2.33260 1
 2.36115 1
 2.44853 1
 2.48965 1
 2.50794 1
 2.57500 1
 2.59456 1
 2.59735 1
 2.54297 1
 2.77787 1
 2.68537 1
 2.73194 1
 2.64221 1
 2.51786 1
 2.42525 1
 2.40270 1
 2.39038 1
 2.34216 1
 2.30253 1
 2.38740 1
 2.33255 1
 2.16677 1
 2.24339 1
 2.32921 1
 2.45637 1
 2.43054 1
 2.45698 1
 2.46589 1
 2.61306 1
 2.64720 1
 2.74549 1
 2.78977 1
 2.79580 1
 2.73631 1
 2.73631 0
 2.66784 1
 2.66289 1
 2.73816 1
 2.92235 1
 3.00841 1
 3.13517 1
 3.11931 1
 3.21641 1
 3.17927 1
 3.17927 0
 2.97100 1
 2.96976 1
 2.94000 1
 2.98976 1
 3.07351 1
 3.18813 1
 3.25496 1
 3.20988 1
 3.34882 1
 3.40549 1
 3.30401 1
 3.50214 1
 3.50293 1
 3.41309 1
 3.58867 1
 3.55774 1
 3.72660 1
 3.84618 1
 3.84182 1
 3.87013 1
 3.81939 1
 3.57053 1
 3.44732 1
 3.46036 1
 3.41859 1
 3.45104 1
 3.43583 1
 3.35358 1
 3.30908 1
 3.29472 1
 3.29983 1
 3.14308 1
 3.16086 1
 3.15626 1
 3.29522 1
 3.29522 0
 3.34699 1
 3.13455 1
 2.95123 1
 2.97797 1
 2.97797 0
 2.78905 1
 2.69725 1
 2.81874 1
 2.77960 1
 3.02725 1
 3.19956 1
 3.17835 1
 3.18907 1
 3.01125 1
 3.05981 1
 2.90018 1
 2.72263 1
 2.65706 1
 2.72016 1
 2.70856 1
 2.70007 1
 2.76688 1
 2.86926 1
 2.83078 1
 2.73910 1
 2.72012 1
 2.84847 1
 2.97462 1
 3.00239 1
 3.02347 1
 3.29803 1
 3.23790 1
 3.23721 1
 3.16520 1
 3.03748 1
 2.99638 1
 2.85853 1
 2.93873 1
 3.02493 1
 3.09074 1
 3.20240 1
 3.38522 1
 3.33831 1
 3.24595 1
 3.23503 1
 3.23386 1
 3.25897 1
 3.18946 1
 3.27630 1
 3.45780 1
 3.37070 1
 3.28099 1
 3.16599 1
 3.24009 1
 3.07686 1
 3.14098 1
 3.19270 1
 3.18646 1
 3.23059 1
 3.23096 1
 3.34689 1
 3.41065 1
 3.42176 1
 3.52014 1
 3.42803 1
 3.42451 1
 3.39028 1
 3.32182 1
 3.27844 1
 3.32622 1
 3.26173 1
 3.20258 1
 3.11734 1
 3.19687 1
 3.29795 1
 3.24962 1
 3.14418 1
 3.18006 1
 3.26549 1
 3.19649 1
 3.16134 1
 3.09736 1
 3.14791 1
 3.30156 1
 3.28537 1
 3.41152 1
 3.31749 1
 3.17729 1
 3.25401 1
 3.24869 1
 3.30322 1
 3.28496 1
 3.10550 1
 3.14515 1
 3.16633 1
 3.16779 1
 3.20713 1
 3.11737 1
 3.18932 1
 3.11204 1
 3.02595 1
 3.12504 1
 3.18600 1
 2.99061 1
 2.95489 1
 3.08625 1
 3.03198 1
 3.05435 1
 3.02689 1
 2.87117 1
 2.82478 1
 2.93210 1
 3.06418 1
 3.09238 1
 3.12059 1
 3.22206 1
 3.17819 1
 3.11763 1
 3.08338 1
 3.02464 1
 2.92212 1
 2.94374 1
 3.02896 1
 3.05943 1
 3.19960 1
 3.21091 1
 3.16286 1
 3.16286 0
 3.19711 1
 3.17386 1
 3.23227 1
 3.32441 1
 3.24357 1
 3.24007 1
 3.24073 1
 3.17274 1
 3.21910 1
 3.10342 1
 3.08347 1
 3.16001 1
 3.27521 1
 3.22068 1
 3.44437 1
 3.49409 1
 3.53720 1
 3.58568 1
 3.57793 1
 3.53224 1
 3.47430 1
 3.57903 1
 3.41977 1
 3.23092 1
 3.21178 1
 3.14440 1
 3.17514 1
 3.16554 1
 3.30717 1
 3.04033 1
 3.06776 1
 3.12991 1
 3.21436 1
 3.31974 1
 3.42354 1
 3.15562 1
 3.20118 1
 3.34128 1
 3.30709 1
 3.04667 1
 3.17290 1
 3.11422 1
 3.13716 1
 3.00211 1
 2.92145 1
 3.01134 1
 2.93058 1
 2.91693 1
 3.05988 1
 3.01987 1
 3.08823 1
 3.12706 1
 3.06773 1
 3.19214 1
 3.28053 1
 3.38496 1
 3.23171 1
 3.25404 1
 3.25052 1
 3.21137 1
 3.06090 1
 3.05567 1
 2.93832 1
 2.93832 0
 2.97499 1
 2.91238 1
 2.90577 1
 2.85740 1
 2.85681 1
 2.78494 1
 2.72394 1
 2.72394 0
 2.85826 1
 2.81219 1
 2.94938 1
 2.86809 1
 2.76869 1
 2.75101 1
 2.89321 1
 2.93135 1
 2.79714 1
 3.00600 1
 3.16884 1
 3.16884 0
 3.19653 1
 3.24524 1
 3.23946 1
 3.32648 1
 3.22287 1
 3.11019 1
 3.11019 0
 2.99674 1
 2.86731 1
 2.84217 1
 2.81293 1
 2.78300 1
 2.74895 1
 2.69143 1
 2.58124 1
 2.62895 1
 2.55177 1
 2.59089 1
 2.66372 1
 2.64861 1
 2.61754 1
 2.57996 1
 2.62533 1
 2.60289 1
 2.53775 1
 2.67862 1
 2.75186 1
 2.57588 1
 2.70783 1
 2.72825 1
 2.94817 1
 2.89975 1
 3.04273 1
 3.07160 1
 3.15963 1
 3.06619 1
 3.03274 1
 3.09097 1
 3.09097 0
 3.02497 1
 2.95886 1
 2.95444 1
 2.81328 1
 2.87666 1
 2.82760 1
 2.82499 1
 2.60604 1
 2.66599 1
 2.63588 1
 2.64196 1
 2.64316 1
 2.73566 1
 2.76872 1
 2.67016 1
 2.78795 1
 2.75042 1
 2.68702 1
 2.49907 1
 2.50393 1
 2.54860 1
 2.53310 1
 2.44392 1
 2.44978 1
 2.53199 1
 2.52148 1
 2.55587 1
 2.51186 1
 2.37924 1
 2.30365 1
 2.39636 1
 2.21148 1
 2.22165 1
 2.15375 1
 2.29233 1
 2.35168 1
 2.36214 1
 2.26753 1
 2.28793 1
 2.28793 0
 2.21069 1
 2.38944 1
 2.52786 1
 2.44820 1
 2.27245 1
 2.29061 1
 2.32217 1
 2.18004 1
 2.10452 1
 2.11436 1
 2.10222 1
 2.23639 1
 2.27237 1
 2.39015 1
 2.33828 1
 2.29916 1
 2.16059 1
 2.21827 1
 2.03537 1
 2.09801 1
 2.16122 1
 2.23239 1
 2.15464 1
 2.13189 1
 2.05795 1
 2.09386 1
 2.08146 1
 2.05180 1
 1.94119 1
 1.98024 1
 2.07870 1
 2.04082 1
 2.17688 1
 2.02477 1
 2.10982 1
 2.11141 1
 2.11274 1
 2.09477 1
 1.99406 1
 1.99299 1
 1.97984 1
 1.77288 1
 1.72741 1
 1.54029 1
 1.54791 1
 1.62436 1
 1.54294 1
 1.58125 1
 1.47913 1
 1.42296 1
 1.22823 1
 0.98060 1
 1.07543 1
 1.10849 1
 0.90357 1
 0.94210 1
 0.96871 1
 0.85318 1
 0.89266 1
 0.64772 1
 0.76355 1
 0.76839 1
 0.74872 1
 0.66534 1
 0.83750 1
 0.98762 1
 1.05907 1
 0.96142 1
 0.96147 1
 0.90154 1
 1.12737 1
 1.31296 1
 1.22755 1
 1.26058 1
 1.30521 1
 1.28336 1
 1.25042 1
 1.24489 1
 1.21858 1
 1.33869 1
 1.36227 1
 1.32877 1
 1.24433 1
 1.35071 1
 1.49030 1
 1.49030 0
 1.50527 1
 1.49056 1
 1.40445 1
 1.29293 1
 1.14384 1
 0.97877 1
 1.06714 1
 1.24929 1
 1.16716 1
 1.13018 1
 1.25181 1
 1.19199 1
 1.17230 1
 1.27288 1
 1.33775 1
 1.31627 1
 1.46278 1
 1.54420 1
 1.55668 1
 1.66359 1
 1.59767 1
 1.83577 1
 1.83577 0
 1.75670 1
 1.79457 1
 1.57802 1
 1.69092 1
 1.65658 1
 1.60059 1
 1.60704 1
 1.55390 1
 1.54949 1
 1.71295 1
 1.64790 1
 1.65377 1
 1.69983 1
 1.60170 1
 1.57204 1
 1.57204 0
 1.49066 1
 1.58337 1
 1.56896 1
 1.51168 1
 1.63044 1
 1.60176 1
 1.65475 1
 1.56347 1
 1.45634 1
 1.46126 1
 1.46503 1
 1.60823 1
 1.53539 1
 1.61153 1
 1.59190 1
 1.57600 1
 1.46764 1
 1.66739 1
 1.67542 1
 1.56725 1
 1.56728 1
 1.63600 1
 1.46858 1
 1.34794 1
 1.28394 1
 1.36065 1
 1.18860 1
 1.17983 1
 1.00464 1
 1.08998 1
 1.02268 1
 0.90466 1
 0.81772 1
 0.93498 1
 0.96753 1
 0.95215 1
 1.03364 1
 0.92333 1
 0.99822 1
 1.11579 1
 1.02785 1
 1.02780 1
 0.84316 1
 0.72235 1
 0.82738 1
 0.75792 1
 0.83784 1
 0.82468 1
 0.76136 1
 0.66263 1
 0.68140 1
 0.59148 1
 0.70888 1
 0.61927 1
 0.56023 1
 0.64895 1
 0.62122 1
 0.59099 1
 0.44167 1
 0.30802 1
 0.06957 1
 0.14506 1
 0.10048 1
 0.02923 1
 -0.00873 1
 -0.18160 1
 -0.13056 1
 -0.29245 1
 -0.34790 1
 -0.45386 1
 -0.31990 1
 -0.20700 1
 -0.22074 1
 -0.28533 1
 -0.20647 1
 -0.16004 1
 -0.16455 1
 -0.05164 1
 -0.12018 1
 -0.03943 1
 0.11129 1
 0.10541 1
 0.09059 1
 0.10919 1
 0.11995 1
 0.10407 1
 0.17264 1
 0.18124 1
 0.06825 1
 0.08992 1
 0.22900 1
 0.22900 0
 0.35354 1
 0.29059 1
 0.30064 1
 0.40164 1
 0.33831 1
 0.31844 1
 0.39445 1
 0.32977 1
 0.09264 1
 0.08958 1
 0.08597 1
 0.13558 1
 -0.07148 1
 -0.06191 1
 -0.15276 1
 -0.34050 1
 -0.30934 1
 -0.41369 1
 -0.41369 0
 -0.41369 0
 -0.41369 0
 -0.43621 1
 -0.32078 1
 -0.42019 1
 -0.44910 1
 -0.44214 1
 -0.65978 1
 -0.78411 1
 -0.79053 1
 -0.78544 1
 -0.76265 1
 -0.78432 1
 -0.93802 1
 -0.98006 1
 -0.95035 1
 -0.89396 1
 -0.81258 1
 -0.83268 1
 -0.84998 1
 -1.11317 1
 -1.28276 1
 -1.38168 1
 -1.22305 1
 -1.18621 1
 -1.32763 1
 -1.37030 1
 -1.45007 1
 -1.42210 1
 -1.35433 1
 -1.50259 1
 -1.42766 1
 -1.27936 1
 -1.18861 1
 -1.17326 1
 -1.19333 1
 -1.27828 1
 -1.20821 1
 -1.23809 1
 -1.29238 1
 -1.29238 0
 -1.26080 1
 -1.26080 0
 -1.34536 1
 -1.34251 1
 -1.45329 1
 -1.54096 1
 -1.57852 1
 -1.67532 1
 -1.64065 1
 -1.66201 1
 -1.57522 1
 -1.46259 1
 -1.59118 1
 -1.62805 1
 -1.61576 1
 -1.57893 1
 -1.73952 1
 -1.59282 1
 -1.64097 1
 -1.66111 1
 -1.69573 1
 -1.64039 1
 -1.69869 1
 -1.81833 1
 -1.79468 1
 -1.81909 1
 -1.78429 1
 -1.75501 1
 -1.70625 1
 -1.74598 1
 -1.74598 0
 -1.82145 1
 -1.98095 1
 -2.06573 1
 -2.09885 1
 -2.25408 1
 -2.30579 1
 -2.31824 1
 -2.47093 1
 -2.49493 1
 -2.44000 1
 -2.40284 1
 -2.37136 1
 -2.23966 1
 -2.23370 1
 -2.27061 1
 -2.30172 1
 -2.30172 0
 -2.36575 1
 -2.27336 1
 -2.16041 1
 -2.12195 1
 -2.11670 1
 -2.04279 1
 -1.91971 1
 -1.80182 1
 -2.03340 1
 -2.05195 1
 -2.00923 1
 -2.00923 0
 -2.08346 1
 -2.15004 1
 -2.12687 1
 -2.15846 1
 -2.11997 1
 -2.27265 1
 -2.38633 1
 -2.35035 1
 -2.22758 1
 -2.16036 1
 -2.05505 1
 -2.13332 1
 -2.21092 1
 -2.19409 1
 -2.03722 1
 -2.02556 1
 -2.11073 1
 -1.98581 1
 -1.94673 1
 -1.80777 1
 -1.88259 1
 -2.00940 1
 -2.01100 1
 -1.95141 1
 -2.00545 1
 -1.94175 1
 -2.01525 1
 -1.95167 1
 -2.09527 1
 -2.01678 1
 -2.11070 1
 -2.05672 1
 -1.91228 1
 -1.91228 0
 -1.94738 1
 -1.71741 1
 -1.59628 1
 -1.77407 1
 -1.83227 1
 -1.89814 1
 -1.89814 0
 -2.02034 1
 -2.25976 1
 -2.25358 1
 -2.29681 1
 -2.20343 1
 -2.13738 1
 -2.14205 1
 -2.03516 1
 -2.08313 1
 -2.03012 1
 -2.09013 1
 -2.17787 1
 -2.14323 1
 -2.10596 1
 -2.17747 1
 -1.95205 1
 -2.11500 1
 -2.08135 1
 -2.28962 1
 -2.34592 1
 -2.46827 1
 -2.34504 1
 -2.37116 1
 -2.28822 1
 -2.15520 1
 -2.19020 1
 -2.31007 1
 -2.26666 1
 -2.10118 1
 -2.25399 1
 -2.31219 1
 -2.27416 1
 -2.33267 1
 -2.25645 1
 -2.29754 1
 -2.36425 1
 -2.40925 1
 -2.45929 1
 -2.50844 1
 -2.24809 1
 -2.13169 1
 -2.04039 1
 -2.06244 1
 -2.00137 1
 -1.89734 1
 -1.96615 1
 -2.07357 1
 -2.02615 1
 -2.11090 1
 -2.18728 1
 -2.13653 1
 -2.12392 1
 -2.15472 1
 -2.11342 1
 -2.06024 1
 -2.00359 1
 -1.99926 1
 -2.03214 1
 -2.01052 1
 -1.90217 1
 -1.86369 1
 -1.81757 1
 -1.66665 1
 -1.77869 1
 -1.80334 1
 -1.83900 1
 -1.80871 1
 -1.68023 1
 -1.84340 1
 -2.01354 1
 -1.94289 1
 -1.99874 1
 -1.99874 0
 -2.10608 1
 -2.16327 1
 -2.15652 1
 -2.14569 1
 -2.22020 1
 -2.13064 1
 -2.17499 1
 -2.30148 1
 -2.39782 1
 -2.32416 1
 -2.37618 1
 -2.33894 1
 -2.33284 1
 -2.34464 1
 -2.37104 1
 -2.23265 1
 -2.23265 0
 -2.03812 1
 -1.98378 1
 -1.89051 1
 -1.92121 1
 -1.88794 1
 -1.85330 1
 -1.90547 1
 -1.90324 1
 -1.91371 1
 -1.85524 1
 -1.89046 1
 -2.02368 1
 -2.03350 1
 -1.79993 1
 -1.77405 1
 -1.70756 1
 -1.66596 1
 -1.58549 1
 -1.52066 1
 -1.46851 1
 -1.35532 1
 -1.34528 1
 -1.41451 1
 -1.38757 1
 -1.36513 1
 -1.61118 1
 -1.56697 1
 -1.60863 1
 -1.60863 0
 -1.70399 1
 -1.67974 1
 -1.77904 1
 -1.89738 1
 -1.82374 1
 -1.85209 1
 -2.10148 1
 -1.96916 1
 -1.91279 1
 -1.82832 1
 -1.99723 1
 -2.11991 1
 -2.14059 1
 -2.19681 1
 -2.00835 1
 -2.13438 1
 -2.20712 1
 -2.03092 1
 -1.81485 1
 -1.72127 1
 -1.80187 1
 -1.66750 1
 -1.76053 1
 -1.75638 1
 -1.71127 1
 -1.83178 1
 -1.83178 0
 -1.77632 1
 -1.76541 1
 -1.80901 1
 -1.92670 1
 -1.86265 1
 -1.79809 1
 -1.82427 1
 -1.82427 0
 -1.86168 1
 -1.79427 1
 -1.68805 1
 -1.61856 1
 -1.56846 1
 -1.47909 1
 -1.43245 1
 -1.63570 1
 -1.75395 1
 -1.77973 1
 -1.75545 1
 -1.67330 1
 -1.64000 1
 -1.54864 1
 -1.45551 1
 -1.38972 1
 -1.34519 1
 -1.35316 1
 -1.42718 1
 -1.55570 1
 -1.63969 1
 -1.71325 1
 -1.81034 1
 -1.96420 1
 -2.02988 1
 -2.04337 1
 -2.15344 1
 -2.17111 1
 -2.09811 1
 -2.06395 1
 -1.94974 1
 -1.89156 1
 -2.06035 1
 -1.95723 1
 -1.95231 1
 -1.83535 1
 -1.88553 1
 -1.77991 1
 -1.77991 0
 -1.87191 1
 -1.80297 1
 -1.82997 1
 -1.85482 1
 -1.80579 1
 -1.73560 1
 -1.75871 1
 -1.73625 1
 -1.83993 1
 -1.81858 1
 -1.81729 1
 -1.97312 1
 -2.03700 1
 -2.15936 1
 -2.17564 1
 -2.12609 1
 -2.02019 1
 -1.94461 1
 -1.80766 1
 -1.76622 1
 -1.74138 1
 -1.84641 1
 -1.91553 1
 -2.02648 1
 -1.91669 1
 -1.96154 1
 -1.88634 1
 -1.88634 0
 -1.98926 1
 -1.95672 1
 -2.11759 1
 -2.01978 1
 -2.15256 1
 -2.09018 1
 -2.29021 1
 -2.13428 1
 -1.94548 1
 -1.90369 1
 -2.08336 1
 -2.09232 1
 -1.92587 1
 -1.92428 1
 -1.95840 1
 -1.92241 1
 -1.88507 1
 -1.88698 1
 -1.93173 1
 -1.93173 0
 -1.91198 1
 -1.81708 1
 -1.88102 1
 -1.89415 1
 -2.10967 1
 -2.07374 1
 -2.07374 0
 -1.94147 1
 -2.01201 1
 -2.02938 1
 -2.02938 0
 -1.90360 1
 -1.97380 1
 -1.79792 1
 -1.69968 1
 -1.61219 1
 -1.62703 1
 -1.62703 0
 -1.63905 1
 -1.79146 1
 -1.79944 1
 -1.61348 1
 -1.83039 1
 -1.83039 0
 -1.91507 1
 -2.05735 1
 -1.93711 1
 -1.92439 1
 -2.02563 1
 -2.13767 1
 -2.20499 1
 -2.16465 1
 -2.09864 1
 -2.21729 1
 -2.24103 1
 -2.26756 1
 -2.32714 1
 -2.29951 1
 -2.21078 1
 -2.14408 1
 -2.01999 1
 -1.95287 1
 -2.06024 1
 -1.98262 1
 -1.93042 1
 -1.96599 1
 -1.83479 1
 -1.64135 1
 -1.81539 1
 -1.88395 1
 -1.73992 1
 -1.74777 1
 -1.73434 1
 -1.89578 1
 -1.88503 1
 -1.96907 1
 -2.06626 1
 -2.00317 1
 -2.00317 0
 -2.13583 1
 -2.24409 1
 -2.37545 1
 -2.54521 1
 -2.58741 1
 -2.71200 1
 -2.81845 1
 -2.84129 1
 -2.87472 1
 -2.86452 1
 -2.93676 1
 -2.97968 1
 -2.87216 1
 -2.80288 1
 -2.66754 1
 -2.72419 1
 -2.68662 1
 -2.63361 1
 -2.76129 1
 -2.91607 1
 -3.06755 1
 -3.12315 1
 -3.12315 0
 -2.97659 1
 -3.05266 1
 -3.09077 1
 -3.06885 1
 -2.88814 1
 -2.97615 1
 -2.93975 1
 -2.93975 0
 -2.80994 1
 -2.70041 1
 -2.76380 1
 -2.76744 1
 -2.74336 1
 -2.71363 1
 -2.75424 1
 -2.72807 1
 -2.69045 1
 -2.75838 1
 -2.83661 1
 -2.68243 1
 -2.75704 1
 -2.85141 1
 -2.91450 1
 -2.90496 1
 -2.82906 1
 -2.83992 1
 -2.85883 1
 -2.85015 1
 -2.75717 1
 -2.74682 1
 -2.73580 1
 -2.87530 1
 -2.84374 1
 -2.79897 1
 -2.80039 1
 -2.76294 1
 -2.78290 1
 -2.75857 1
 -3.01964 1
 -3.01093 1
 -3.01928 1
 -3.06782 1
 -3.13078 1
 -3.13853 1
 -3.12655 1
 -3.20078 1
 -3.12794 1
 -3.14626 1
 -3.20750 1
 -3.29870 1
 -3.29589 1
 -3.37147 1
 -3.39528 1
 -3.51862 1
 -3.42252 1
 -3.37804 1
 -3.25919 1
 -3.07190 1
 -2.94585 1
 -3.01048 1
 -2.81803 1
 -2.99132 1
 -2.92320 1
 -3.07009 1
 -3.12892 1
 -3.13058 1
 -3.11524 1
 -3.09142 1
 -3.15686 1
 -3.15250 1
 -3.15250 0
 -3.25520 1
 -3.38403 1
 -3.40381 1
 -3.38827 1
 -3.41514 1
 -3.49797 1
 -3.65305 1
 -3.74521 1
 -3.46613 1
 -3.43631 1
 -3.32103 1
 -3.33872 1
 -3.47313 1
 -3.37718 1
 -3.27316 1
 -3.28327 1
 -3.24609 1
 -3.16824 1
 -3.05838 1
 -2.91307 1
 -2.96771 1
 -3.01928 1
 -3.11584 1
 -3.14674 1
 -3.23410 1
 -3.25681 1
 -3.24082 1
 -3.42736 1
 -3.51258 1
 -3.53597 1
 -3.53597 0
 -3.59286 1
 -3.67729 1
 -3.65237 1
 -3.61809 1
 -3.65748 1
 -3.78154 1
 -3.66218 1
 -3.70494 1
 -3.64455 1
 -3.67615 1
 -3.54946 1
 -3.71479 1
 -3.48126 1
 -3.55442 1
 -3.59716 1
 -3.49691 1
 -3.54440 1
 -3.45262 1
 -3.47490 1
 -3.50050 1
 -3.55693 1
 -3.60893 1
 -3.64481 1
 -3.64481 0
 -3.67244 1
 -3.65964 1
 -3.80781 1
 -3.77974 1
 -3.77923 1
 -3.69499 1
 -3.78052 1
 -3.66224 1
 -3.66224 0
 -3.47807 1
 -3.47807 0
 -3.47807 0
 -3.51445 1
 -3.49305 1
 -3.44900 1
 -3.44900 0
 -3.47249 1
 -3.53243 1
 -3.55920 1
 -3.47013 1
 -3.28234 1
 -3.29839 1
 -3.26390 1
 -3.33779 1
 -3.27640 1
 -3.27640 0
 -3.16446 1
 -3.29817 1
 -3.42880 1
 -3.46765 1
 -3.32434 1
 -3.26283 1
 -3.14307 1
 -3.14307 0
 -3.24181 1
 -3.32396 1
 -3.26967 1
 -3.20223 1
 -3.28492 1
 -3.40104 1
 -3.52815 1
 -3.61839 1
 -3.64153 1
 -3.64621 1
 -3.86788 1
 -3.85307 1
 -3.81042 1
 -3.69671 1
 -3.70628 1
 -3.89407 1
 -3.94616 1
 -4.02366 1
 -4.17796 1
 -4.07388 1
 -4.15959 1
 -4.18629 1
 -4.13701 1
 -3.97416 1
 -4.02819 1
 -4.01674 1
 -4.14544 1
 -3.99149 1
 -3.81767 1
 -3.83883 1
 -3.92602 1
 -3.97766 1
 -4.00188 1
 -4.01042 1
 -3.79150 1
 -3.85658 1
 -3.85922 1
 -3.93645 1
 -3.93927 1
 -4.06864 1
 -4.11702 1
 -4.22176 1
 -4.06871 1
 -4.02226 1
 -4.26049 1
 -4.26049 0
 -4.17182 1
 -4.13802 1
 -4.16415 1
 -4.29369 1
 -4.38446 1
 -4.39138 1
 -4.42944 1
 -4.37726 1
 -4.41810 1
 -4.40708 1
 -4.34551 1
 -4.29827 1
 -4.37454 1
 -4.46485 1
 -4.40310 1
 -4.31268 1
 -4.33298 1
 -4.35629 1
 -4.14984 1
 -4.10658 1
 -4.11558 1
 -4.09721 1
 -4.02577 1
 -4.00895 1
 -3.83167 1
 -4.00495 1
 -3.92245 1
 -3.96771 1
 -4.08311 1
 -4.03287 1
 -4.02680 1
 -4.02072 1
 -3.84850 1
 -3.87550 1
 -3.81742 1
 -3.65475 1
 -3.43914 1
 -3.46891 1
 -3.34476 1
 -3.32099 1
 -3.14168 1
 -3.01637 1
 -2.95030 1
 -3.13897 1
 -3.39187 1
 -3.38470 1
 -3.37396 1
 -3.42552 1
 -3.46837 1
 -3.65533 1
 -3.61808 1
 -3.61910 1
 -3.56562 1
 -3.56562 0
 -3.68550 1
 -3.49020 1
 -3.54124 1
 -3.54124 0
 -3.54006 1
 -3.70336 1
 -3.79496 1
 -3.56994 1
 -3.60828 1
 -3.57429 1
 -3.73081 1
 -3.64755 1
 -3.71603 1
 -3.79854 1
 -3.69481 1
 -3.76964 1
 -3.77925 1
 -3.66989 1
 -3.59360 1
 -3.42449 1
 -3.49292 1
 -3.48160 1
 -3.38282 1
 -3.42472 1
 -3.41835 1
 -3.24633 1
