 4.06400 1
 0.17509 1
 0.17509 0
 0.17509 0
 0.17509 0
 0.82517 1
 0.82517 0
 0.82517 0
 -2.31520 1
 -2.31520 0
 -2.31520 0
 -2.31520 0
 3.70003 1
 -2.42466 1
 -0.59192 1
 -0.59192 0
 2.96137 1
 2.96137 0
 1.96209 1
 1.96209 0
 1.96209 0
 1.96209 0
 1.96209 0
 1.96209 0
 1.96209 0
 -0.95441 1
 -0.95441 0
 -0.95441 0
 -0.95441 0
 -0.95441 0
 -0.95441 0
 -0.95441 0
 -0.95441 0
 -0.95441 0
 -0.95441 0
 -0.95441 0
 -0.95441 0
 -0.95441 0
 -0.95441 0
 -0.48145 1
 -0.48145 0
 -0.48145 0
 -0.48145 0
 -0.48145 0
 -0.48145 0
 -0.48145 0
 -0.48145 0
 -0.48145 0
 -0.48145 0
 -0.48145 0
 2.20927 1
 2.20927 0
 2.20927 0
 1.38436 1
 1.38436 0
 1.38436 0
 1.38436 0
 1.38436 0
 1.38436 0
 1.38436 0
 1.38436 0
 1.38436 0
 1.38436 0
 1.38436 0
 -2.03112 1
 -2.03112 0
 -2.03112 0
 -1.47525 1
 -2.17838 1
 -2.17838 0
 -2.07817 1
 1.24468 1
 1.24468 0
 1.24468 0
 1.24468 0
 1.24468 0
 1.24468 0
 1.24468 0
 1.24468 0
 1.24468 0
 1.24468 0
 1.24468 0
 1.24468 0
 1.24468 0
 1.24468 0
 1.24468 0
 1.24468 0
 1.24468 0
 1.24468 0
 1.24468 0
 1.24468 0
 1.24468 0
 1.24468 0
 1.24468 0
 1.24468 0
 3.14776 1
 3.14776 0
 3.14776 0
 -1.34402 1
 -1.34402 0
 -1.34402 0
 0.95328 1
 0.95328 0
 0.95328 0
 0.95328 0
 0.95328 0
 0.95328 0
 0.95328 0
 2.90512 1
 2.90512 0
 2.90512 0
 2.90512 0
 2.90512 0
 1.12374 1
 1.12374 0
 1.55825 1
 1.55825 0
 1.55825 0
 1.55825 0
 2.12951 1
 1.79066 1
 1.79066 0
 2.17319 1
 2.17319 0
 2.17319 0
 2.17319 0
 2.17319 0
 1.72784 1
 1.72784 0
 1.72784 0
 1.72784 0
 2.85874 1
 2.85874 0
 -1.22426 1
 -1.22426 0
 -1.22426 0
 -1.22426 0
 -1.67094 1
 -1.67094 0
 -1.67094 0
 -1.67094 0
 1.88985 1
 1.88985 0
 1.88985 0
 1.88985 0
 1.88985 0
 1.88985 0
 1.88985 0
 1.88985 0
 1.23053 1
 1.23053 0
 1.23053 0
 0.57218 1
 0.57218 0
 0.57218 0
 0.57218 0
 0.57218 0
 0.57218 0
 0.57218 0
 0.57218 0
 0.57218 0
 2.67939 1
 2.67939 0
 3.16440 1
 3.16440 0
 3.16440 0
 3.16440 0
 3.16440 0
 3.16440 0
 -1.01641 1
 -1.01641 0
 -1.01641 0
 -1.01641 0
 -1.01641 0
 -1.01641 0
 -1.01641 0
 -1.01641 0
 -1.01641 0
 -1.01641 0
 -1.01641 0
 -1.01641 0
 -1.01641 0
 -1.01641 0
 3.33649 1
 -2.73868 1
 -2.46706 1
 4.51332 1
 4.51332 0
 0.28592 1
 0.28592 0
 0.28592 0
 0.28592 0
 0.28592 0
 0.28592 0
 0.28592 0
 0.28592 0
 0.28592 0
 0.28592 0
 0.28592 0
 0.28592 0
 0.28592 0
 0.28592 0
 0.28592 0
 0.28592 0
 0.28592 0
 0.47300 1
 0.47300 0
 0.47300 0
 0.79663 1
 0.79663 0
 0.79663 0
 0.79663 0
 -0.47623 1
 -0.47623 0
 -0.47623 0
 -0.47623 0
 -0.47623 0
 -0.47623 0
 -0.47623 0
 -0.24133 1
 -0.24133 0
 -0.24133 0
 -0.24133 0
 -0.24133 0
 -0.24133 0
 0.68179 1
 0.68179 0
 0.68179 0
 0.68179 0
 0.68179 0
 -0.16789 1
 -0.16789 0
 -0.16789 0
 -0.16789 0
 -0.16789 0
 -0.16789 0
 -0.16789 0
 -0.16789 0
 1.17626 1
 1.17626 0
 1.17626 0
 1.17626 0
 1.17626 0
 1.17626 0
 1.17626 0
 1.17626 0
 1.17626 0
 1.17626 0
 1.17626 0
 1.17626 0
 1.17626 0
 1.17626 0
 1.17626 0
 1.17626 0
 1.17626 0
 1.17626 0
 0.76499 1
 1.22087 1
 2.52576 1
 2.52576 0
 2.52576 0
 2.52576 0
 2.52576 0
 2.52576 0
 2.52576 0
 2.52576 0
 5.54176 1
 6.26008 1
 6.26008 0
 6.26008 0
 -4.78488 1
 -1.78872 1
 -1.78872 0
 -0.00644 1
 -0.00644 0
 -0.00644 0
 -0.00644 0
 -0.00644 0
 2.20156 1
 2.20156 0
 2.20156 0
 2.20156 0
 2.20156 0
 2.20156 0
 2.20156 0
 2.20156 0
 2.20156 0
 2.20156 0
 2.20156 0
 3.24076 1
 3.24076 0
 3.24076 0
 3.24076 0
 -0.18510 1
 -0.18510 0
 -0.18510 0
 -0.18510 0
 -0.18510 0
 -0.18510 0
 -0.54270 1
 -0.54270 0
 -0.54270 0
 -0.54270 0
 -0.54270 0
 -0.54270 0
 -0.54270 0
 -0.54270 0
 -0.54270 0
 -0.54270 0
 2.90049 1
 0.13475 1
 0.72795 1
 -1.41303 1
 -1.41303 0
 -1.41303 0
 2.19550 1
 2.19550 0
 2.19550 0
 2.19550 0
 2.19550 0
 2.19550 0
 2.19550 0
 2.19550 0
 2.19550 0
 2.19550 0
 2.19550 0
 2.19550 0
 2.19550 0
 2.19550 0
 2.19550 0
 2.19550 0
 2.19550 0
 2.19550 0
 2.19550 0
 2.19550 0
 2.19550 0
 2.19550 0
 0.24053 1
 -0.33509 1
 -0.33509 0
 -0.33509 0
 2.12931 1
 -0.98353 1
 -0.98353 0
 -0.98353 0
 -0.98353 0
 -0.98353 0
 -0.98353 0
 -0.98353 0
 0.16281 1
 0.16281 0
 0.16281 0
 0.16281 0
 0.16281 0
 0.16281 0
 0.16281 0
 0.16281 0
 0.16281 0
 0.16281 0
 0.16281 0
 0.16281 0
 0.43794 1
 0.43794 0
 0.43794 0
 0.43794 0
 0.43794 0
 0.43794 0
 0.43794 0
 0.43794 0
 0.43794 0
 0.43794 0
 0.43794 0
 0.43794 0
 0.43794 0
 0.43794 0
 0.43794 0
 -5.69746 1
 0.75458 1
 0.75458 0
 0.75458 0
 0.75458 0
 0.75458 0
 0.75458 0
 0.75458 0
 -2.87928 1
 -2.87928 0
 0.13620 1
 0.13620 0
 0.13620 0
 1.88876 1
 1.88876 0
 1.88876 0
 1.88876 0
 1.36879 1
 1.36879 0
 1.36879 0
 1.36879 0
 1.36879 0
 1.36879 0
 1.36879 0
 1.36879 0
 1.36879 0
 1.36879 0
 -0.47283 1
 -0.47283 0
 -0.44166 1
 -0.44166 0
 -0.44166 0
 -0.44166 0
 -0.08136 1
 -0.08136 0
 -0.08136 0
 -0.08136 0
 -0.08136 0
 -3.76544 1
 -3.76544 0
 -3.76544 0
 -3.76544 0
 2.42511 1
 2.42511 0
 2.42511 0
 2.42511 0
 2.42511 0
 2.42511 0
 2.42511 0
 2.42511 0
 2.42511 0
 2.42511 0
 2.42511 0
 2.47412 1
 2.47412 0
 2.47412 0
 2.47412 0
 2.47412 0
 2.47412 0
 -0.47387 1
 -0.47387 0
 -0.47387 0
 -0.47387 0
 -0.47387 0
 -0.47387 0
 -5.27720 1
 7.25409 1
 6.29017 1
 6.29017 0
 6.29017 0
 -1.61041 1
 -1.61041 0
 -1.61041 0
 -1.61041 0
 -2.05249 1
 -2.05249 0
 -2.05249 0
 -2.05249 0
 -2.05249 0
 -2.05249 0
 -2.05249 0
 -2.05249 0
 -2.05249 0
 -2.05249 0
 -2.05249 0
 -2.05249 0
 -2.05249 0
 -2.05249 0
 -2.05249 0
 -2.05249 0
 -2.05249 0
 -2.05249 0
 -2.05249 0
 -2.05249 0
 4.80966 1
 4.45052 1
 4.45052 0
 -0.93377 1
 0.95903 1
 0.95903 0
 0.95903 0
 0.95903 0
 0.95903 0
 0.95903 0
 0.95903 0
 0.95903 0
 0.95903 0
 0.95903 0
 0.95903 0
 0.95903 0
 0.95903 0
 0.95903 0
 -1.25379 1
 1.36647 1
 1.36647 0
 1.36647 0
 1.36647 0
 1.36647 0
 1.36647 0
 0.19630 1
 0.19630 0
 0.19630 0
 0.19630 0
 0.19630 0
 0.19630 0
 0.19630 0
 0.19630 0
 0.19630 0
 0.19630 0
 0.19630 0
 0.43393 1
 0.43393 0
 0.43393 0
 3.34666 1
 3.34666 0
 3.34666 0
 3.34666 0
 3.07284 1
 3.07284 0
 3.07284 0
 1.82216 1
 1.40409 1
 1.40409 0
 1.40409 0
 1.40409 0
 1.40409 0
 1.40409 0
 1.40409 0
 1.40409 0
 1.40182 1
 1.40182 0
 1.40182 0
 1.40182 0
 1.40182 0
 1.40182 0
 1.40182 0
 1.40182 0
 1.40182 0
 -1.07714 1
 -1.07714 0
 -1.07714 0
 -1.07714 0
 -1.07714 0
 -1.07714 0
 -0.09816 1
 -0.09816 0
 -0.09816 0
 -0.09816 0
 -0.09816 0
 -0.09816 0
 -0.09816 0
 -0.09816 0
 -0.09816 0
 -0.09816 0
 -0.09816 0
 -0.09816 0
 -0.09816 0
 -0.09816 0
 -0.09816 0
 -0.09816 0
 -0.09816 0
 -0.09816 0
 -0.09816 0
 -0.38048 1
 -0.38048 0
 -0.38048 0
 -0.38048 0
 -0.38048 0
 -0.27969 1
 3.35937 1
 3.35937 0
 3.35937 0
 3.35937 0
 3.35937 0
 3.35937 0
 0.97340 1
 0.97340 0
 0.97340 0
 0.97340 0
 0.97340 0
 0.97340 0
 0.97340 0
 0.97340 0
 0.97340 0
 0.97340 0
 0.97340 0
 0.97340 0
 0.97340 0
 0.97340 0
 0.97340 0
 1.06073 1
 1.06073 0
 0.28780 1
 0.28780 0
 0.28780 0
 0.28780 0
 0.28780 0
 0.28780 0
 2.20396 1
 2.20396 0
 2.20396 0
 2.20396 0
 2.20396 0
 2.20396 0
 2.20396 0
 2.20396 0
 2.20396 0
 2.20396 0
 2.20396 0
 2.20396 0
 2.20396 0
 2.20396 0
 2.20396 0
 2.20396 0
 2.20396 0
 2.20396 0
 0.74713 1
 0.74713 0
 0.74713 0
 0.74713 0
 0.74713 0
 2.70743 1
 2.70743 0
 2.70743 0
 1.21170 1
 1.21170 0
 1.21170 0
 1.21170 0
 1.21170 0
 1.21170 0
 1.21170 0
 1.21170 0
 1.21170 0
 1.21170 0
 0.12853 1
 0.12853 0
 0.12853 0
 0.12853 0
 0.12853 0
 0.12853 0
 -0.44693 1
 -0.44693 0
 -0.44693 0
 -0.44693 0
 1.18658 1
 1.18658 0
 1.18658 0
 1.18658 0
 1.18658 0
 1.18658 0
 1.18658 0
 1.18658 0
 -0.27070 1
 -0.27070 0
 -0.27070 0
 -0.27070 0
 -0.27070 0
 -0.27070 0
 -0.27070 0
 -0.27070 0
 -0.27070 0
 -0.27070 0
 -0.27070 0
 -0.27070 0
 -0.27070 0
 -0.27070 0
 -0.27070 0
 -0.27070 0
 0.24735 1
 0.24735 0
 0.24735 0
 0.24735 0
 0.24735 0
 0.24735 0
 0.24735 0
 0.24735 0
 0.24735 0
 0.24735 0
 0.24735 0
 0.24735 0
 0.24735 0
 0.24735 0
 0.24735 0
 0.24735 0
 0.24735 0
 0.24735 0
 0.24735 0
 0.24735 0
 2.64323 1
 2.64323 0
 2.64323 0
 1.76778 1
 1.81617 1
 1.81617 0
 1.81617 0
 0.76893 1
 0.76893 0
 0.76893 0
 0.76893 0
 -1.33353 1
 -1.33353 0
 -1.33353 0
 -1.33353 0
 -1.33353 0
 -1.33353 0
 -1.33353 0
 -1.33353 0
 -1.33353 0
 -1.33353 0
 -1.33353 0
 -1.33353 0
 -1.33353 0
 -1.33353 0
 -1.33353 0
 2.52833 1
 -2.30107 1
 -2.67337 1
 -10.63764 1
 -4.75628 1
 -1.67537 1
 2.29224 1
 2.29224 0
 2.29224 0
 2.29224 0
 2.29224 0
 2.29224 0
 2.29224 0
 2.29224 0
 2.29224 0
 2.29224 0
 2.29224 0
 3.67438 1
 3.67438 0
 -2.65602 1
 -2.65602 0
 -2.65602 0
 0.77533 1
 0.77533 0
 0.77533 0
 0.77533 0
 0.77533 0
 0.77533 0
 0.77533 0
 0.77533 0
 0.77533 0
 0.77533 0
 0.77533 0
 0.77533 0
 0.77533 0
 1.24726 1
 1.24726 0
 1.24726 0
 1.24726 0
 3.35758 1
 3.55551 1
 3.55551 0
 3.55551 0
 3.55551 0
 -4.65749 1
 -0.05800 1
 -0.05800 0
 2.47660 1
 2.47660 0
 2.47660 0
 2.47660 0
 2.47660 0
 0.09402 1
 1.99063 1
 1.99063 0
 1.99063 0
 -2.29902 1
 -5.11412 1
 -5.11412 0
 -5.11412 0
 -5.11412 0
 -5.11412 0
 -5.11412 0
 -5.11412 0
 -5.11412 0
 1.66197 1
 1.66197 0
 1.66197 0
 1.66197 0
 1.66197 0
 0.41902 1
 0.89000 1
 0.89000 0
 0.89000 0
 0.89000 0
 0.89000 0
 0.89000 0
 0.89000 0
 0.89000 0
 0.89000 0
 0.89045 1
 0.89045 0
 -0.37919 1
 -0.37919 0
 0.89931 1
 0.89931 0
 0.89931 0
 0.89931 0
 0.89931 0
 0.89931 0
 0.89931 0
 -0.52624 1
 -0.07569 1
 -0.07569 0
 0.99652 1
 0.99652 0
 0.99652 0
 0.99652 0
 -0.12578 1
 -0.12578 0
 -0.12578 0
 -0.12578 0
 -0.12578 0
 -0.12578 0
 -0.12578 0
 -0.12578 0
 -0.12578 0
 -0.23405 1
 -0.23405 0
 -0.23405 0
 -0.23405 0
 -0.23405 0
 -0.23405 0
 -0.23405 0
 -0.23405 0
 -0.23405 0
 -0.23405 0
 -0.23405 0
 -0.23405 0
 -0.23405 0
 -0.23405 0
 -0.23405 0
 -0.23405 0
 -0.70594 1
 0.29302 1
 0.29302 0
 0.29302 0
 0.29302 0
 0.29302 0
 1.82319 1
 1.82319 0
 1.82319 0
 1.82319 0
 1.82319 0
 1.82319 0
 1.82319 0
 1.82319 0
 1.22175 1
 1.22175 0
 1.22175 0
 1.22175 0
 1.22175 0
 1.22175 0
 1.22175 0
 1.22175 0
 1.22175 0
 1.22175 0
 1.22175 0
 1.22175 0
 1.22175 0
 1.22175 0
 1.22175 0
 1.22175 0
 1.22175 0
 1.22175 0
 1.22175 0
 1.22175 0
 1.22175 0
 1.22175 0
 1.22175 0
 0.41147 1
 0.41147 0
 0.41147 0
 0.41147 0
 0.04538 1
 0.04538 0
 0.04538 0
 0.04538 0
 0.04538 0
 0.04538 0
 0.39161 1
 0.39161 0
 0.39161 0
 0.39161 0
 0.39161 0
 0.39161 0
 0.39161 0
 0.39161 0
 0.39161 0
 0.39161 0
 0.39161 0
 0.39161 0
 0.39161 0
 0.39161 0
 0.39161 0
 1.72222 1
 1.72222 0
 1.72222 0
 2.55982 1
 2.55982 0
 2.55982 0
 2.55982 0
 2.55982 0
 2.55982 0
 2.55982 0
 2.55982 0
 2.55982 0
 2.55982 0
 2.55982 0
 2.55982 0
 2.55982 0
 -1.37197 1
 -1.37197 0
 -1.37197 0
 -1.37197 0
 -1.37197 0
 -1.37197 0
 -1.37197 0
 -1.37197 0
 -1.37197 0
 -1.37197 0
 -1.37197 0
 -1.37197 0
 -1.37197 0
 1.09730 1
 1.09730 0
 1.09730 0
 1.09730 0
 1.09730 0
 1.09730 0
 1.09730 0
 1.09730 0
 1.09730 0
 1.09730 0
 1.09730 0
 1.09730 0
 1.09730 0
 1.09730 0
 2.22259 1
 2.22259 0
 2.22259 0
 2.22259 0
 2.22259 0
 -0.76749 1
 -0.76749 0
 -0.76749 0
 -0.76749 0
 -0.76749 0
 -0.76749 0
 -0.76749 0
 -0.76749 0
 -0.76749 0
 -0.76749 0
 -0.48623 1
 -0.48623 0
 -0.48623 0
 -0.48623 0
 -0.48623 0
 -0.48623 0
 -0.48623 0
 -0.48623 0
 -0.48623 0
 -0.48623 0
 -0.48623 0
 -0.48623 0
 -0.48623 0
 -0.48623 0
 -0.48623 0
 -0.48623 0
 -0.48623 0
 -0.79108 1
 -0.79108 0
 -0.79108 0
 -0.79108 0
 -0.79108 0
 -0.79108 0
 -1.13047 1
 -1.13047 0
 -1.13047 0
 -1.13047 0
 1.23065 1
 1.23065 0
 1.23065 0
 1.23065 0
 1.23065 0
 0.94101 1
 0.94101 0
 0.94101 0
 0.94101 0
 0.94101 0
 0.94101 0
 0.94101 0
 0.94101 0
 0.94101 0
 0.94101 0
 0.94101 0
 0.94101 0
 1.46885 1
 1.46885 0
 1.46885 0
 1.46885 0
 0.69069 1
 0.69069 0
 0.69069 0
 0.69069 0
 0.69069 0
 0.69069 0
 0.69069 0
 0.69069 0
 1.62268 1
 1.62268 0
 -0.98319 1
 -0.98319 0
 -0.98319 0
 4.05567 1
 4.05567 0
 4.05567 0
 4.05567 0
 4.05567 0
 4.05567 0
 4.05567 0
 5.13447 1
 5.13447 0
 6.77453 1
 0.77430 1
 0.77430 0
 0.77430 0
 0.77430 0
 0.77430 0
 0.77430 0
 0.77430 0
 0.77430 0
 0.77430 0
 -0.97277 1
 -3.06840 1
 -3.06840 0
 -3.06840 0
 -3.06840 0
 -3.06840 0
 -3.86326 1
 -3.86326 0
 0.26912 1
 0.26912 0
 -1.24586 1
 -1.24586 0
 -1.24586 0
 -1.24586 0
 -1.24586 0
 -1.24586 0
 1.95565 1
 1.95565 0
 1.95565 0
 1.95565 0
 1.95565 0
 1.95565 0
 1.95565 0
 1.95565 0
 1.95565 0
 1.95565 0
 1.95565 0
 1.95565 0
 3.03596 1
 3.03596 0
 3.03596 0
 4.85720 1
 4.85720 0
 4.22732 1
 2.25031 1
 2.25031 0
 2.25031 0
 2.25031 0
 1.08281 1
 1.08281 0
 0.29210 1
 0.29210 0
 0.29210 0
 0.29210 0
 0.29210 0
 0.29210 0
 0.29210 0
 0.29210 0
 0.29210 0
 0.29210 0
 1.82623 1
 1.82623 0
 1.82623 0
 1.82623 0
 1.82623 0
 1.82623 0
 1.82623 0
 1.82623 0
 1.82623 0
 1.82623 0
 1.82623 0
 1.82623 0
 1.82623 0
 1.82623 0
 1.82623 0
 1.82623 0
 1.82623 0
 3.33401 1
 3.33401 0
 3.33401 0
 3.33401 0
 3.33401 0
 3.33401 0
 3.33401 0
 3.33401 0
 1.69535 1
 0.84159 1
 0.84159 0
 0.84159 0
 0.84159 0
 0.84159 0
 0.84159 0
 0.84159 0
 0.84159 0
 0.84159 0
 0.84159 0
 0.84159 0
 0.84159 0
 0.84159 0
 0.84159 0
 0.84159 0
 0.84159 0
 0.84159 0
 0.84159 0
 0.84159 0
 0.84159 0
 1.24612 1
 1.24612 0
 1.24612 0
 1.24612 0
 1.24612 0
 1.24612 0
 1.24612 0
 1.24612 0
 1.24612 0
 1.24612 0
 1.24612 0
 1.24612 0
 1.15866 1
 1.15866 0
 1.15866 0
 1.15866 0
 1.15866 0
 1.15866 0
 1.15866 0
 1.15866 0
 1.15866 0
 1.15866 0
 1.15866 0
 1.15866 0
 1.15866 0
 1.15866 0
 1.15866 0
 1.15866 0
 1.15866 0
 -0.22639 1
 -0.22639 0
 2.00699 1
 2.00699 0
 2.00699 0
 1.63964 1
 1.63964 0
 1.63964 0
 1.63964 0
 1.63964 0
 1.63964 0
 1.63964 0
 1.63964 0
 1.63964 0
 1.63964 0
 -0.10164 1
 -0.10164 0
 -1.07122 1
 -1.07122 0
 -1.07122 0
 2.48301 1
 2.48301 0
 2.48301 0
 2.48301 0
 2.48301 0
 2.48301 0
 2.48301 0
 2.48301 0
 2.48301 0
 2.48301 0
 2.48301 0
 2.48301 0
 2.48301 0
 2.48301 0
 0.61157 1
 0.61157 0
 0.61157 0
 0.61157 0
 0.61157 0
 0.61157 0
 0.61157 0
 0.61157 0
 0.61157 0
 3.04493 1
 3.04493 0
 0.33947 1
 0.33947 0
 -0.33769 1
 -0.33769 0
 -0.33769 0
 -0.33769 0
 -0.33769 0
 -0.33769 0
 -0.33769 0
 -0.33769 0
 -0.33769 0
 -0.33769 0
 -0.33769 0
 -0.33769 0
 -0.33769 0
 -0.33769 0
 -0.33769 0
 -0.33769 0
 -0.33769 0
 -0.33769 0
 -0.33769 0
 -0.33769 0
 -0.33769 0
 -0.33769 0
 -0.33769 0
 -0.33769 0
 -0.33769 0
 -0.33769 0
 -0.83707 1
 -0.83707 0
 -0.83707 0
 -0.83707 0
 -0.83707 0
 -0.83707 0
 -0.83707 0
 1.71014 1
 0.81329 1
 0.81329 0
 0.81329 0
 0.81329 0
 0.81329 0
 0.81329 0
 0.81329 0
 0.81329 0
 0.81329 0
 0.81329 0
 0.81329 0
 0.81329 0
 0.81329 0
 0.81329 0
 0.81329 0
 2.03040 1
 -6.45269 1
 -6.45269 0
 -0.44154 1
 -0.44154 0
 -0.44154 0
 -0.44154 0
 -0.44154 0
 -0.44154 0
 -0.44154 0
 -0.44154 0
 -0.44154 0
 -0.44154 0
 -0.44154 0
 -0.44154 0
 -0.44154 0
 1.40603 1
 1.40603 0
 1.40603 0
 1.40603 0
 1.40603 0
 1.40603 0
 1.40603 0
 1.87491 1
 -0.08227 1
 -0.08227 0
 -0.08227 0
 -0.08227 0
 -0.08227 0
 1.46724 1
 1.46724 0
 1.46724 0
 -0.04950 1
 -0.04950 0
 -0.04950 0
 -0.04950 0
 -0.04950 0
 -0.04950 0
 -0.04950 0
 -0.04950 0
 -0.04950 0
 -0.04950 0
 -0.04950 0
 -0.77551 1
 -0.77551 0
 -0.77551 0
 -0.77551 0
 -0.77551 0
 -0.77551 0
 1.22043 1
 1.22043 0
 1.22043 0
 1.22043 0
 1.22043 0
 1.22043 0
 1.22043 0
 0.32993 1
 0.32993 0
 0.32993 0
 0.32993 0
 0.32993 0
 0.32993 0
 0.32993 0
 0.32993 0
 0.32993 0
 0.32993 0
 0.32993 0
 0.32993 0
 0.32993 0
 0.32993 0
 0.32993 0
 0.32993 0
 0.32993 0
 0.32993 0
 0.32993 0
 0.32993 0
 2.85069 1
 2.85069 0
 2.85069 0
 2.62430 1
 2.62430 0
 2.62430 0
 2.62430 0
 2.62430 0
 2.62430 0
 2.62430 0
 2.62430 0
 2.62430 0
 0.92961 1
 0.92961 0
 0.92961 0
 0.92961 0
 0.92961 0
 1.95264 1
 1.95264 0
 1.95264 0
 0.57430 1
 3.29263 1
 3.72205 1
 3.72205 0
 1.22246 1
 1.22246 0
 1.22246 0
 1.22246 0
 1.22246 0
 1.22246 0
 1.22246 0
 0.81052 1
 0.81052 0
 0.81052 0
 0.81052 0
 0.81052 0
 0.81052 0
 0.81052 0
 0.81052 0
 0.81052 0
 0.81052 0
 0.81052 0
 0.81052 0
 -3.39750 1
 -3.39750 0
 -3.39750 0
 -3.39750 0
 -3.39750 0
 5.76235 1
 5.76235 0
 5.76235 0
 7.31854 1
 4.46602 1
 4.46602 0
 -2.81656 1
 2.31887 1
 2.31887 0
 1.30889 1
 1.30889 0
 1.30889 0
 1.52020 1
 1.52020 0
 1.52020 0
 1.52020 0
 1.52020 0
 1.52020 0
 1.52020 0
 1.01586 1
 1.01586 0
 1.01586 0
 1.01586 0
 1.01586 0
 1.01586 0
 1.01586 0
 1.01586 0
 1.01586 0
 1.01586 0
 1.01586 0
 1.01586 0
 1.01586 0
 1.01586 0
 1.01586 0
 1.01586 0
 1.01586 0
 1.01586 0
 1.01586 0
 1.01586 0
 1.01586 0
 1.01586 0
 1.01586 0
 1.01586 0
 1.01586 0
 1.01586 0
 1.01586 0
 1.01586 0
 0.09000 1
 0.09000 0
 0.27579 1
 0.27579 0
 0.27579 0
 0.27579 0
 0.27579 0
 -1.96339 1
 -1.96339 0
 -1.96339 0
 -1.96339 0
 -3.31750 1
 -3.31750 0
 -2.16718 1
 -2.16718 0
 -2.18859 1
 -2.18859 0
 1.36068 1
 1.36068 0
 1.36068 0
 1.36068 0
 1.36068 0
 1.36068 0
 1.36068 0
 1.36068 0
 1.36068 0
 1.36068 0
 1.36068 0
 1.36068 0
 1.36068 0
 1.36068 0
 1.36068 0
 -0.05957 1
 -0.05957 0
 -0.05957 0
 -0.05957 0
 -0.05957 0
 -0.05957 0
 -0.05957 0
 -0.05957 0
 -0.05957 0
 -0.30019 1
 -0.30019 0
 -0.30019 0
 -0.30019 0
 -0.30019 0
 -0.30019 0
 -0.30019 0
 -0.30019 0
 -0.30019 0
 -0.30019 0
 -0.30019 0
 -0.30019 0
 -0.30019 0
 -0.30019 0
 -0.30019 0
 -0.30019 0
 -0.30019 0
 -0.30019 0
 -0.30019 0
 -0.30019 0
 -0.30019 0
 -0.30019 0
 1.89787 1
 1.89787 0
 1.89787 0
 1.89787 0
 1.89787 0
 1.89787 0
 1.89787 0
 -1.53780 1
 2.30552 1
 2.30552 0
 2.30552 0
 2.30552 0
 2.30552 0
 2.30552 0
 2.03900 1
 2.03900 0
 2.03900 0
 2.03900 0
 2.03900 0
 2.03900 0
 2.03900 0
 1.65852 1
 1.65852 0
 1.65852 0
 1.65852 0
 1.65852 0
 1.65852 0
 1.65852 0
 1.65852 0
 1.65852 0
 1.65852 0
 1.65852 0
 1.65852 0
 1.65852 0
 1.65852 0
 1.65852 0
 1.65852 0
 1.65852 0
 1.56355 1
 1.56355 0
 1.56355 0
 1.56355 0
 1.56355 0
 1.56355 0
 1.56355 0
 1.56355 0
 1.56355 0
 1.56355 0
 1.56355 0
 1.56355 0
 1.56355 0
 1.56355 0
 1.56355 0
 1.56355 0
 1.56355 0
 1.56355 0
 1.56355 0
 1.56355 0
 1.56355 0
 0.54198 1
 0.54198 0
 0.54198 0
 0.54198 0
 0.54198 0
 -0.40783 1
 -0.40783 0
 -0.40783 0
 -0.40783 0
 -0.40783 0
 -0.40783 0
 -0.40783 0
 -0.40783 0
 -0.45579 1
 -0.45579 0
 -0.45579 0
 -0.45579 0
 -0.45579 0
 -0.45579 0
 1.37811 1
 1.37811 0
 1.37811 0
 1.37811 0
 1.69459 1
 1.69459 0
 -1.23829 1
 -1.23829 0
 2.71963 1
 -0.70891 1
 -0.44751 1
 -0.44751 0
 -0.44751 0
 -0.44751 0
 -0.44751 0
 -0.44751 0
 -0.44751 0
 -0.44751 0
 1.67564 1
 1.67564 0
 1.67564 0
 1.67564 0
 1.67564 0
 1.67564 0
 1.67564 0
 2.13508 1
 2.13508 0
 2.13508 0
 2.13508 0
 2.13508 0
 1.46544 1
 1.46544 0
 1.46544 0
 1.46544 0
 1.46544 0
 -0.52898 1
 -0.28488 1
 -0.28488 0
 -0.28488 0
 -0.28488 0
 -0.28488 0
 -0.28488 0
 -0.28488 0
 -0.28488 0
 -0.28488 0
 -0.28488 0
 -0.28488 0
 -0.28488 0
 -0.28488 0
 -0.28488 0
 -0.28488 0
 -0.28488 0
 -0.28488 0
 -0.28488 0
 -0.28488 0
 -0.28488 0
 -0.28488 0
 -0.28488 0
 -0.28488 0
 -0.28488 0
 -0.28488 0
 -0.28488 0
 -0.28488 0
 -0.28488 0
 -0.28488 0
 -0.28488 0
 -0.28488 0
 -0.28488 0
 -0.28488 0
 2.12764 1
 2.12764 0
 -0.48908 1
 -0.48908 0
 -0.48908 0
 -0.48908 0
 -0.48908 0
 -0.48908 0
 -0.48908 0
 -0.48908 0
 -0.48908 0
 -0.48908 0
 -0.48908 0
 -0.48908 0
 0.69800 1
 0.69800 0
 0.69800 0
 0.69800 0
 0.69800 0
 0.69800 0
 0.69800 0
 0.69800 0
 0.69800 0
 0.69800 0
 0.69800 0
 0.69800 0
 1.38390 1
 1.38390 0
 1.38390 0
 1.38390 0
 1.38390 0
 1.38390 0
 1.38390 0
 1.38390 0
 0.66829 1
 0.66829 0
 0.66829 0
 0.66829 0
 0.66829 0
 0.66829 0
 -0.01360 1
 -0.01360 0
 -0.01360 0
 -0.01360 0
 -0.01360 0
 -0.01360 0
 -0.01360 0
 -0.01360 0
 -0.01360 0
 -0.22816 1
 2.31079 1
 2.31079 0
 2.31079 0
 2.31079 0
 2.31079 0
 2.31079 0
 2.31079 0
 2.31079 0
 2.31079 0
 2.31079 0
 2.31079 0
 2.31079 0
 2.31079 0
 2.31079 0
 2.31079 0
 2.31079 0
 0.67758 1
 0.67758 0
 0.67758 0
 0.67758 0
 0.67758 0
 0.67758 0
 2.01202 1
 2.01202 0
 2.01202 0
 2.01202 0
 2.01202 0
 2.01202 0
 2.01202 0
 2.01202 0
 2.01202 0
 2.01202 0
 2.01202 0
 2.01202 0
 2.95956 1
 2.95956 0
 2.95956 0
 2.95956 0
 2.95956 0
 0.19188 1
 0.19188 0
 0.19188 0
 -1.06917 1
 0.09004 1
 0.09004 0
 3.26947 1
 3.26947 0
 3.26947 0
 3.26947 0
 3.26947 0
 -0.15515 1
 2.28718 1
 -2.14922 1
 -2.14922 0
 -2.14922 0
 -2.14922 0
 -2.14922 0
 -2.14922 0
 -2.14922 0
 -2.53026 1
 -2.53026 0
 -2.53026 0
 0.87190 1
 0.87190 0
 0.87190 0
 0.87190 0
 0.87190 0
 0.87190 0
 0.87190 0
 1.19503 1
 1.19503 0
 1.19503 0
 1.19503 0
 1.19503 0
 1.19503 0
 1.19503 0
 1.19503 0
 1.19503 0
 1.19503 0
 -0.53116 1
 -0.53116 0
 -0.53116 0
 -0.53116 0
 -0.53116 0
 -0.53116 0
 -0.53116 0
 -0.53116 0
 -0.53116 0
 -0.53116 0
 -0.53116 0
 -0.53116 0
 -0.53116 0
 -0.53116 0
 -0.53116 0
 -0.53116 0
 -0.53116 0
 -0.53116 0
 -0.53116 0
 -0.53116 0
 -0.53116 0
 -0.53116 0
 3.03416 1
 -0.37710 1
 -0.37710 0
 -0.37710 0
 -0.37710 0
 1.13761 1
 1.13761 0
 1.13761 0
 1.13761 0
 1.13761 0
 1.13761 0
 0.84516 1
 1.45812 1
 1.45812 0
 1.45812 0
 1.26994 1
 1.26994 0
 1.26994 0
 1.26994 0
 1.26994 0
 1.26994 0
 1.26994 0
 1.95266 1
 1.95266 0
 -1.86001 1
 -1.12880 1
 -1.12880 0
 -1.12880 0
 -0.85746 1
 -0.85746 0
 -0.85746 0
 0.15007 1
 0.15007 0
 0.36152 1
 0.36152 0
 0.36152 0
 0.36152 0
 0.36152 0
 0.36152 0
 0.36152 0
 0.36152 0
 0.36152 0
 0.18287 1
 0.18287 0
 0.18287 0
 0.18287 0
 0.18287 0
 0.18287 0
 0.18287 0
 1.47143 1
 1.47143 0
 1.47143 0
 1.47143 0
 1.47143 0
 1.47143 0
 1.47143 0
 3.95475 1
 3.95475 0
 -1.65789 1
 -1.65789 0
 -1.65789 0
 4.10664 1
 4.10664 0
 4.10664 0
 4.10664 0
 -3.05552 1
 -3.05552 0
 -3.05552 0
 -3.05552 0
 -3.05552 0
 -3.05552 0
 -5.70386 1
 -4.99241 1
 -4.99241 0
 -4.99241 0
 0.24013 1
 0.24013 0
 0.24013 0
 1.58847 1
 1.58847 0
 -5.51072 1
 -5.51072 0
 -5.51072 0
 -2.27537 1
 -2.27537 0
 -2.27537 0
 -2.31190 1
 4.65974 1
 0.34286 1
 0.34286 0
 0.84305 1
 0.84305 0
 0.84305 0
 0.84305 0
 0.84305 0
 0.84305 0
 0.84305 0
 0.84305 0
 0.84305 0
 0.84305 0
 0.84305 0
 0.84305 0
 0.84305 0
 0.84305 0
 -5.89431 1
 -5.89431 0
 2.67797 1
 2.67797 0
 2.67797 0
 2.67797 0
 -0.35111 1
 -0.35111 0
 1.91060 1
 1.91060 0
 2.46735 1
 2.46735 0
 2.46735 0
 2.46735 0
 0.20506 1
 0.20506 0
 0.20506 0
 -0.86047 1
 -0.86047 0
 -0.86047 0
 -0.86047 0
 -0.86047 0
 -0.86047 0
 -0.86047 0
 -0.86047 0
 -3.74818 1
 -3.74818 0
 5.00103 1
 -0.05898 1
 -0.05898 0
 2.73324 1
 2.73324 0
 2.73324 0
 2.73324 0
 2.73324 0
 2.73324 0
 2.73324 0
 2.73324 0
 2.73324 0
 2.73324 0
 2.73324 0
 2.73324 0
 -0.51376 1
 3.50979 1
 3.50979 0
 3.50979 0
 1.58710 1
 1.58710 0
 1.58710 0
 1.58710 0
 1.58710 0
 1.58710 0
 1.58710 0
 1.58710 0
 1.05681 1
 1.05681 0
 1.05681 0
 1.05681 0
 1.05681 0
 1.05681 0
 1.05681 0
 1.05681 0
 1.05681 0
 0.39658 1
 0.39658 0
 0.39658 0
 0.39658 0
 0.39658 0
 2.49993 1
 2.49993 0
 2.49993 0
 2.28661 1
 2.28661 0
 3.48241 1
 3.48241 0
 3.48241 0
 3.48241 0
 2.70856 1
 2.70856 0
 2.70856 0
 2.70856 0
 2.70856 0
 2.70856 0
 2.70856 0
 2.70856 0
 1.89824 1
 1.89824 0
 1.89824 0
 1.89824 0
 1.89824 0
 1.89824 0
 1.89824 0
 1.89824 0
 1.89824 0
 1.89824 0
 1.89824 0
 1.89824 0
 1.89824 0
 1.89824 0
 1.89824 0
 1.89824 0
 1.89824 0
 0.70207 1
 -1.24260 1
 4.23293 1
 -1.58338 1
 0.21638 1
 0.21638 0
 0.21638 0
 0.21638 0
 0.71800 1
 0.71800 0
 1.40041 1
 1.40041 0
 0.19589 1
 0.19589 0
 0.19589 0
 0.19589 0
 0.19589 0
 0.19589 0
 0.19589 0
 0.19589 0
 0.19589 0
 0.19589 0
 -0.79480 1
 -0.79480 0
 -0.86843 1
 -0.86843 0
 -0.86786 1
 -0.86786 0
 -0.86786 0
 -0.86786 0
 -0.86786 0
 -0.86786 0
 -0.86786 0
 -0.86786 0
 -0.86786 0
 -0.86786 0
 -0.98054 1
 -0.98054 0
 -0.98054 0
 -0.98054 0
 -0.98054 0
 -0.98054 0
 -0.98054 0
 -0.98054 0
 -0.98054 0
 0.53235 1
 0.53235 0
 0.53235 0
 1.05400 1
 1.05400 0
 1.05400 0
 1.05400 0
 1.05400 0
 1.05400 0
 1.05400 0
 1.05400 0
 1.05400 0
 0.46765 1
 0.46765 0
 0.46765 0
 1.43812 1
 1.43812 0
 1.43812 0
 1.43812 0
 0.47652 1
 0.47652 0
 0.47652 0
 0.47652 0
 0.47652 0
 0.47652 0
 0.47652 0
 0.20660 1
 0.20660 0
 0.20660 0
 0.20660 0
 0.20660 0
 0.20660 0
 0.20660 0
 -1.88807 1
 -1.88807 0
 -1.02399 1
 -1.02399 0
 -1.02399 0
 -1.02399 0
 -1.02399 0
 -1.02399 0
 2.41873 1
 2.41873 0
 2.41873 0
 2.41873 0
 2.41873 0
 -0.71254 1
 -1.24730 1
 -1.24730 0
 -1.24730 0
 -1.24730 0
 -1.24730 0
 -1.24730 0
 -1.24730 0
 -0.48314 1
 -0.48314 0
 -0.48314 0
 -0.48314 0
 -0.48314 0
 -0.48314 0
 -0.48314 0
 0.81252 1
 0.81252 0
 0.81252 0
 0.81252 0
 0.81252 0
 0.81252 0
 0.81252 0
 0.81252 0
 0.81252 0
 0.81252 0
 0.81252 0
 0.81252 0
 0.81252 0
 0.08097 1
 1.58158 1
 1.58158 0
 1.58158 0
 1.58158 0
 1.58158 0
 1.58158 0
 1.58158 0
 1.58158 0
 1.16195 1
 1.16195 0
 1.16195 0
 1.84475 1
 1.84475 0
 1.84475 0
 1.84475 0
 1.84475 0
 1.84475 0
 1.84475 0
 1.84475 0
 1.84475 0
 0.23864 1
 -0.99916 1
 -0.99916 0
 -0.99916 0
 -0.99916 0
 4.49760 1
 4.49760 0
 6.80403 1
 6.80403 0
 6.80403 0
 6.80403 0
 2.24822 1
 -0.12412 1
 -0.12412 0
 -0.12412 0
 -0.12412 0
 0.02690 1
 0.02690 0
 0.02690 0
 0.02690 0
 0.02690 0
 0.02690 0
 0.02690 0
 0.02690 0
 0.02690 0
 0.02690 0
 0.02690 0
 0.02690 0
 0.02690 0
 0.02690 0
 0.02690 0
 0.02690 0
 0.02690 0
 0.02690 0
 0.02690 0
 0.02690 0
 -2.04818 1
 4.32111 1
 3.60344 1
 3.60344 0
 3.60344 0
 3.60344 0
 3.60344 0
 3.60344 0
 2.12772 1
 2.12772 0
 -0.05508 1
 2.57299 1
 2.57299 0
 2.57299 0
 2.57299 0
 2.57299 0
 2.57299 0
 2.57299 0
 2.57299 0
 2.57299 0
 2.57299 0
 2.57299 0
 2.57299 0
 2.57299 0
 0.55422 1
 0.55422 0
 0.55422 0
 0.55422 0
 0.55422 0
 0.12483 1
 0.12483 0
 0.12483 0
 0.13203 1
 0.13203 0
 0.13203 0
 0.13203 0
 0.13203 0
 0.13203 0
 0.13203 0
 0.13203 0
 0.13203 0
 0.13203 0
 0.13203 0
 0.13203 0
 0.13203 0
 0.13203 0
 0.13203 0
 -1.35970 1
 3.42388 1
 3.42388 0
 3.42388 0
 3.42388 0
 3.42388 0
 0.66890 1
 0.66890 0
 0.66890 0
 -1.85430 1
 -3.89360 1
 -4.25404 1
 -4.25404 0
 2.78546 1
 2.08776 1
 2.08776 0
 2.08776 0
 -0.01421 1
 -0.01421 0
 -0.01421 0
 -0.01421 0
 -0.01421 0
 0.54102 1
 0.54102 0
 0.54102 0
 0.54102 0
 0.54102 0
 0.54102 0
 0.54102 0
 0.54102 0
 0.54102 0
 0.54102 0
 0.54102 0
 0.54102 0
 0.54102 0
 0.54102 0
 0.54102 0
 0.54102 0
 0.54102 0
 0.54102 0
 0.54102 0
 0.54102 0
 0.54102 0
 0.54102 0
 0.54102 0
 0.54102 0
 0.54102 0
 2.14987 1
 2.14987 0
 2.14987 0
 2.14987 0
 3.04037 1
 3.04037 0
 3.04037 0
 3.04037 0
 3.04037 0
 -0.57965 1
 2.71328 1
 0.58582 1
 1.37227 1
 1.37227 0
 1.37227 0
 1.37227 0
 1.37227 0
 1.37227 0
 1.37227 0
 1.37227 0
 -0.57413 1
 -0.57413 0
 -0.57413 0
 1.28507 1
 1.28507 0
 1.28507 0
 1.28507 0
 1.28507 0
 1.28507 0
 1.28507 0
 1.28507 0
 1.28507 0
 1.28507 0
 1.28507 0
 1.28507 0
 1.28507 0
 1.28507 0
 1.28507 0
 1.28507 0
 1.28507 0
 1.28507 0
 -0.73500 1
 -1.68388 1
 -1.68388 0
 -1.68388 0
 -1.68388 0
 1.49244 1
 1.49244 0
 1.49244 0
 1.49244 0
 1.49244 0
 1.49244 0
 1.49244 0
 1.49244 0
 1.49244 0
 1.49244 0
 2.31717 1
 2.31717 0
 -0.53283 1
 2.03413 1
 2.03413 0
 2.03413 0
 2.03413 0
 2.03413 0
 2.03413 0
 2.03413 0
 2.03413 0
 2.03413 0
 0.68415 1
 0.68415 0
 0.68415 0
 0.68415 0
 0.68415 0
 0.68415 0
 0.68415 0
 0.68415 0
 1.42162 1
 1.42162 0
 1.42162 0
 1.42162 0
 0.24775 1
 0.24775 0
 0.24775 0
 2.21480 1
 2.21480 0
 2.21480 0
 1.46477 1
 1.46477 0
 1.46477 0
 1.46477 0
 1.46477 0
 1.46477 0
 1.46477 0
 1.46477 0
 1.46477 0
 1.46477 0
 1.46477 0
 0.88976 1
 0.88976 0
 3.00376 1
 2.86716 1
 2.86716 0
 2.41414 1
 2.41414 0
 2.41414 0
 -0.41069 1
 0.69011 1
 0.69011 0
 0.69011 0
 0.69011 0
 0.75652 1
 0.75652 0
 0.75652 0
 0.75652 0
 0.75652 0
 1.88943 1
 1.88943 0
 1.88943 0
 1.88943 0
 -0.62415 1
 -0.62415 0
 -0.62415 0
 -0.62415 0
 1.83953 1
 1.83953 0
 1.83953 0
 1.83953 0
 3.24954 1
 2.70486 1
 -1.90315 1
 -1.90315 0
 -1.90315 0
 -1.90315 0
 -1.90315 0
 -1.90315 0
 -1.90315 0
 -1.90315 0
 -1.90315 0
 4.33176 1
 1.37709 1
 1.37709 0
 1.37709 0
 1.37709 0
 1.23521 1
 1.23521 0
 1.23521 0
 1.23521 0
 1.23521 0
 -4.39568 1
 -4.39568 0
 -4.39568 0
 -2.14260 1
 -2.14260 0
 -2.14260 0
 10.27012 1
 -2.40590 1
 -2.40590 0
 -2.40590 0
 3.88466 1
 3.88466 0
 3.88466 0
 3.88466 0
 3.88466 0
 3.88466 0
 3.88466 0
 3.88466 0
 3.88466 0
 3.88466 0
 3.88466 0
 -1.56709 1
 -1.56709 0
 4.16749 1
 -0.92326 1
 -0.92326 0
 -0.92326 0
 -0.92326 0
 -0.92326 0
 -0.92326 0
 -0.92326 0
 -0.92326 0
 -0.92326 0
 -0.92326 0
 -0.92326 0
 3.23568 1
 3.23568 0
 3.23568 0
 3.23568 0
 3.23568 0
 3.23568 0
 -4.00283 1
 -4.61332 1
 -4.61332 0
 -4.61332 0
 -6.62087 1
 2.40001 1
 2.40001 0
 2.40001 0
 2.40001 0
 2.40001 0
 2.40001 0
 -2.80924 1
 -2.80924 0
 -2.80924 0
 -1.98741 1
 -1.98741 0
 -1.98741 0
 -1.98741 0
 2.27286 1
 2.27286 0
 0.83366 1
 0.83366 0
 0.35573 1
 0.35573 0
 0.35573 0
 2.19151 1
 2.19151 0
 2.19151 0
 2.19151 0
 2.19151 0
 2.19151 0
 1.05357 1
 1.05357 0
 0.90907 1
 0.90907 0
 0.90907 0
 0.90907 0
 0.90907 0
 0.90907 0
 0.90907 0
 0.90907 0
 0.90907 0
 0.90907 0
 0.90907 0
 0.90907 0
 0.90907 0
 0.90907 0
 0.29586 1
 0.29586 0
 0.29586 0
 0.29586 0
 0.29586 0
 0.29586 0
 0.65919 1
 0.65919 0
 0.65919 0
 0.65919 0
 0.65919 0
 0.65919 0
 0.65919 0
 0.65919 0
 0.65919 0
 0.65919 0
 0.65919 0
 0.85200 1
 2.68748 1
 -1.08977 1
 -0.24309 1
 -0.24309 0
 -0.24309 0
 -0.24309 0
 -0.24309 0
 -0.24309 0
 -0.24309 0
 2.31610 1
 2.31610 0
 -0.69777 1
 -0.69777 0
 -0.69777 0
 2.96562 1
 2.96562 0
 2.96562 0
 2.96562 0
 2.96562 0
 2.96562 0
 3.09434 1
 3.09434 0
 3.09434 0
 3.09434 0
 3.09434 0
 3.09434 0
 3.09434 0
 3.09434 0
 3.09434 0
 -0.16660 1
 -0.16660 0
 0.19619 1
 0.19619 0
 0.19619 0
 0.33681 1
 0.33681 0
 0.33681 0
 0.33681 0
 0.33681 0
 1.34175 1
 1.34175 0
 1.34175 0
 1.34175 0
 1.34175 0
 1.34175 0
 1.34175 0
 1.34175 0
 1.34175 0
 1.34175 0
 1.34175 0
 1.34175 0
 1.34175 0
 1.34175 0
 1.34175 0
 1.34175 0
 1.34175 0
 1.34175 0
 1.34175 0
 1.34175 0
 0.63075 1
 0.63075 0
 0.63075 0
 0.63075 0
 0.63075 0
 0.63075 0
 2.66355 1
 2.66355 0
 2.66355 0
 2.66355 0
 2.66355 0
 2.66355 0
 2.66355 0
 2.66355 0
 0.58386 1
 0.58386 0
 0.58386 0
 0.58386 0
 -1.21026 1
 -1.21026 0
 3.06144 1
 3.06144 0
 3.06144 0
 3.06144 0
 3.06144 0
 3.06144 0
 3.06144 0
 3.06144 0
 3.06144 0
 3.06144 0
 3.06144 0
 3.06144 0
 2.45056 1
 2.06677 1
 2.06677 0
 2.06677 0
 1.57883 1
 1.57883 0
 1.57883 0
 1.57883 0
 1.57883 0
 1.57883 0
 1.57883 0
 1.57883 0
 1.57883 0
 1.57883 0
 1.57883 0
 1.57883 0
 1.57883 0
 1.57883 0
 1.57883 0
 1.57883 0
 1.57883 0
 1.57883 0
 1.57883 0
 1.57883 0
 1.57883 0
 1.57883 0
 5.80572 1
 10.69502 1
 10.35533 1
 -0.50683 1
 4.16474 1
 4.90041 1
 4.90041 0
 4.90041 0
 4.90041 0
 -1.40206 1
 1.52738 1
 1.79431 1
 1.79431 0
 1.79431 0
 1.79431 0
 1.79431 0
 1.79431 0
 1.79431 0
 1.79431 0
 1.79431 0
 2.51737 1
 0.66522 1
 0.66522 0
 0.66522 0
 0.66522 0
 -0.02956 1
 -0.02956 0
 -0.02956 0
 0.58625 1
 0.58625 0
 0.58625 0
 0.58625 0
 0.58625 0
 0.58625 0
 0.58625 0
 0.58625 0
 0.58625 0
 0.58625 0
 0.58625 0
 0.58625 0
 0.58625 0
 0.58625 0
 0.58625 0
 0.58625 0
 0.58625 0
 0.58625 0
 0.58625 0
 0.58625 0
 0.58625 0
 0.58625 0
 0.58625 0
 0.58625 0
 0.58625 0
 0.58625 0
 0.58625 0
 0.58625 0
 0.58625 0
 0.58625 0
 0.58625 0
 0.58625 0
 0.58625 0
 0.58625 0
 0.58625 0
 0.58625 0
 0.58625 0
 0.58625 0
 0.58625 0
 0.58625 0
 0.58625 0
 0.58625 0
 0.58625 0
 0.58625 0
 0.58625 0
 0.58625 0
 0.58625 0
 0.58625 0
 0.58625 0
 0.39797 1
 0.39797 0
 0.39797 0
 0.12824 1
 0.12824 0
 0.12824 0
 0.12824 0
 1.20288 1
 1.20288 0
 1.20288 0
 1.20288 0
 1.20288 0
 1.20288 0
 1.20288 0
 1.20288 0
 1.20288 0
 1.20288 0
 1.35548 1
 1.35548 0
 1.35548 0
 1.35548 0
 1.35548 0
 1.35548 0
 1.35548 0
 1.35548 0
 1.35548 0
 1.35548 0
 1.35548 0
 1.35548 0
 1.35548 0
 1.35548 0
 1.35548 0
 1.35548 0
 -0.39245 1
 -0.39245 0
 2.88539 1
 2.88539 0
 2.88539 0
 2.88539 0
 2.88539 0
 2.88539 0
 2.88539 0
 2.88539 0
 2.88539 0
 3.42981 1
 3.42981 0
 3.42981 0
 3.42981 0
 2.85699 1
 1.30225 1
 1.30225 0
 1.30225 0
 1.30225 0
 1.30225 0
 1.30225 0
 1.30225 0
 1.30225 0
 1.30225 0
 4.13138 1
 4.13138 0
 4.13138 0
 3.94417 1
 3.94417 0
 3.94417 0
 3.94417 0
 3.94417 0
 3.94417 0
 3.94417 0
 3.94417 0
 3.94417 0
 0.30824 1
 0.30824 0
 0.30824 0
 0.30824 0
 0.30824 0
 0.30824 0
 0.30824 0
 1.02675 1
 1.02675 0
 1.02675 0
 0.02090 1
 0.02090 0
 0.02090 0
 0.02090 0
 -12.52927 1
 4.14226 1
 0.04560 1
 0.04560 0
 0.04560 0
 0.04560 0
 0.04560 0
 0.04560 0
 0.04560 0
 0.04560 0
 0.04560 0
 0.04560 0
 1.51340 1
 1.51340 0
 1.51340 0
 1.92890 1
 1.92890 0
 1.92890 0
 1.92890 0
 1.92890 0
 1.92890 0
 1.92890 0
 1.92890 0
 0.16191 1
 0.16191 0
 0.16191 0
 0.16191 0
 0.16191 0
 0.16191 0
 0.16191 0
 0.51736 1
 0.51736 0
 0.65245 1
 0.65245 0
 0.65245 0
 1.69721 1
 0.63015 1
 0.63015 0
 0.63015 0
 0.63015 0
 0.63015 0
 0.63015 0
 0.86666 1
 0.86666 0
 0.86666 0
 0.86666 0
 0.86666 0
 0.86666 0
 0.86666 0
 0.86666 0
 0.69356 1
 0.69356 0
 0.69356 0
 -1.54109 1
 -1.54109 0
 -1.54109 0
 -1.54109 0
 -1.54109 0
 -1.54109 0
 -1.54109 0
 3.35527 1
 -1.34999 1
 -1.34999 0
 -1.79770 1
 1.97140 1
 1.97140 0
 1.97140 0
 1.97140 0
 1.97140 0
 1.97140 0
 1.97140 0
 1.97140 0
 1.97140 0
 1.97140 0
 1.97140 0
 1.97140 0
 1.97140 0
 1.97140 0
 1.97140 0
 1.97140 0
 -2.02257 1
 -2.02257 0
 -2.02257 0
 3.05310 1
 3.05310 0
 3.05310 0
 3.05310 0
 3.05310 0
 3.12987 1
 3.12987 0
 3.12987 0
 3.72777 1
 3.72777 0
 3.72777 0
 -0.99227 1
 -0.99227 0
 3.13659 1
 3.13659 0
 0.60546 1
 0.60546 0
 0.60546 0
 0.60546 0
 0.60546 0
 0.60546 0
 0.60546 0
 0.60546 0
 0.60546 0
 0.60546 0
 0.60546 0
 0.60546 0
 0.60546 0
 0.48358 1
 0.48358 0
 0.48358 0
 0.48358 0
 0.48358 0
 0.48358 0
 0.48358 0
 0.48358 0
 0.48358 0
 0.48358 0
 0.48358 0
 0.55553 1
 0.31892 1
 0.31892 0
 0.31892 0
 0.31892 0
 0.31892 0
 1.99144 1
 1.99144 0
 1.99144 0
 -5.11835 1
 3.07222 1
 3.07222 0
 2.40741 1
 2.40741 0
 2.40741 0
 2.33138 1
 2.33138 0
 2.33138 0
 -1.15905 1
 3.54195 1
 -1.91394 1
 -1.91394 0
 -1.91631 1
 -1.91631 0
 -1.53847 1
 -1.53847 0
 -1.53847 0
 -1.53847 0
 -1.53847 0
 -1.53847 0
 -0.22723 1
 -0.22723 0
 -0.22723 0
 -0.22723 0
 -0.22723 0
 2.09451 1
 2.09451 0
 0.71522 1
 0.85674 1
 1.51793 1
 1.51793 0
 -0.20244 1
 -0.20244 0
 -0.20244 0
 -0.20244 0
 -0.20244 0
 -0.20244 0
 -0.20244 0
 -0.20244 0
 -0.20244 0
 -0.20244 0
 -0.20244 0
 -0.20244 0
 -0.20244 0
 -0.20244 0
 -0.20244 0
 -0.20244 0
 -0.20244 0
 -0.20244 0
 -0.20244 0
 -0.20244 0
 -0.20244 0
 -0.20244 0
 -0.20244 0
 -0.72832 1
 0.61822 1
 0.61822 0
 0.61822 0
 0.61822 0
 0.61822 0
 0.61822 0
 0.61822 0
 0.87255 1
 0.87255 0
 0.87255 0
 0.87255 0
 0.87255 0
 0.87255 0
 0.87255 0
 0.87255 0
 0.87255 0
 0.87255 0
 0.50978 1
 0.50978 0
 0.50978 0
 0.49064 1
 0.49064 0
 0.49064 0
 0.49064 0
 0.49064 0
 0.49064 0
 0.49064 0
 0.49064 0
 0.49064 0
 0.49064 0
 0.49064 0
 0.49064 0
 0.49064 0
 0.49064 0
 0.49064 0
 0.49064 0
 0.49064 0
 0.49064 0
 0.49064 0
 0.49064 0
 0.49064 0
 0.49064 0
 0.49064 0
 0.49064 0
 0.49064 0
 0.49064 0
 0.49064 0
 0.49064 0
 0.49064 0
 0.85250 1
 -1.10834 1
 -1.10834 0
 -1.10834 0
 -1.10834 0
 -1.10834 0
 1.07907 1
 1.07907 0
 1.07907 0
 1.07907 0
 1.07907 0
 1.07907 0
 1.07907 0
 1.07907 0
 1.07907 0
 1.07907 0
 1.07907 0
 1.07907 0
 1.07907 0
 1.07907 0
 1.07907 0
 1.07907 0
 1.07907 0
 1.07907 0
 1.07907 0
 1.07907 0
 1.07907 0
 1.07907 0
 1.07907 0
 1.07907 0
 1.07907 0
 1.07907 0
 1.07907 0
 1.07907 0
 1.07907 0
 1.74090 1
 1.74090 0
 1.74090 0
 1.74090 0
 0.72042 1
 0.72042 0
 0.72042 0
 0.72042 0
 0.72042 0
 0.72042 0
 0.72042 0
 0.72042 0
 0.72042 0
 0.72042 0
 0.72042 0
 0.72042 0
 0.72042 0
 0.72042 0
 0.72042 0
 0.72042 0
 0.72042 0
 0.72042 0
 0.72042 0
 0.72042 0
 0.72042 0
 0.72042 0
 0.72042 0
 0.72042 0
 0.72042 0
 0.72042 0
 2.00750 1
 2.00750 0
 2.00750 0
 2.00750 0
 4.15206 1
 4.15206 0
 4.15206 0
 4.15206 0
 0.63466 1
 1.66896 1
 0.38452 1
 0.38452 0
 0.38452 0
 0.38452 0
 0.38452 0
 0.38452 0
 0.38452 0
 0.38452 0
 0.38452 0
 0.38452 0
 1.08327 1
 1.08327 0
 1.08327 0
 1.08327 0
 1.08327 0
 1.08327 0
 1.08327 0
 1.08327 0
 1.08327 0
 1.08327 0
 1.08327 0
 1.08327 0
 7.25875 1
 7.01888 1
 5.42644 1
 5.42644 0
 1.16413 1
 1.16413 0
 1.16413 0
 1.16413 0
 1.16413 0
 1.16413 0
 1.16413 0
 2.10320 1
 2.10320 0
 2.10320 0
 2.10320 0
 2.10320 0
 2.10320 0
 2.10320 0
 2.10320 0
 2.10320 0
 2.10320 0
 2.10320 0
 2.10320 0
 2.10320 0
 2.10320 0
 2.10320 0
 2.10320 0
 2.10320 0
 2.10320 0
 2.10320 0
 2.10320 0
 2.10320 0
 2.10320 0
 0.95435 1
 0.95435 0
 0.95435 0
 0.95435 0
 0.95435 0
 0.95435 0
 0.95435 0
 0.95435 0
 0.28358 1
 0.28358 0
 0.28358 0
 0.28358 0
 0.28358 0
 0.28358 0
 0.28358 0
 0.28358 0
 0.28358 0
 0.28358 0
 0.28358 0
 0.28358 0
 0.28358 0
 1.26897 1
 1.26897 0
 1.26897 0
 1.26897 0
 1.26897 0
 1.26897 0
 1.26897 0
 1.26897 0
 1.26897 0
 1.26897 0
 1.26897 0
 1.26897 0
 0.07182 1
 0.07182 0
 1.32812 1
 1.32812 0
 1.95482 1
 1.95482 0
 1.95482 0
 1.95482 0
 -0.19744 1
 -0.19744 0
 -0.19744 0
 -0.19744 0
 -0.19744 0
 -0.19744 0
 -0.19744 0
 -0.19744 0
 -0.19744 0
 -0.19744 0
 1.83046 1
 1.83046 0
 1.83046 0
 -0.71976 1
 -0.71976 0
 2.48190 1
 2.48190 0
 2.48190 0
 2.48190 0
 2.48190 0
 2.48190 0
 2.48190 0
 2.48190 0
 2.48190 0
 2.48190 0
 2.48190 0
 2.48190 0
 2.48190 0
 2.48190 0
 1.47173 1
 1.47173 0
 1.47173 0
 0.75046 1
 0.75046 0
 0.75046 0
 0.75046 0
 0.75046 0
 0.75046 0
 0.75046 0
 0.75360 1
 0.75360 0
 0.75360 0
 0.75360 0
 0.75360 0
 2.42705 1
 2.42705 0
 2.42705 0
 2.42705 0
 2.42705 0
 2.42705 0
 2.42705 0
 2.42705 0
 2.42705 0
 2.42705 0
 1.60501 1
 1.60501 0
 1.60501 0
 1.60501 0
 1.60501 0
 1.09192 1
 1.09192 0
 1.09192 0
 1.09192 0
 1.09192 0
 1.09192 0
 1.09192 0
 1.09192 0
 1.09192 0
 1.09192 0
 1.09192 0
 1.09192 0
 1.09192 0
 1.09192 0
 1.09192 0
 1.09192 0
 1.09192 0
 1.09192 0
 1.09192 0
 1.09192 0
 1.09192 0
 1.09192 0
 1.09192 0
 1.09192 0
 1.09192 0
 3.11610 1
 2.53982 1
 -0.31439 1
 -0.31439 0
 -0.31439 0
 -0.31439 0
 -0.31439 0
 -0.31439 0
 -0.74725 1
 0.51487 1
 0.51487 0
 0.51487 0
 0.51487 0
 0.51487 0
 0.51487 0
 0.51487 0
 -0.34700 1
 -0.34700 0
 -0.34700 0
 -0.34700 0
 -0.34700 0
 -0.34700 0
 -0.34700 0
 -0.34700 0
 -0.34700 0
 -0.34700 0
 -0.34700 0
 2.65167 1
 0.32573 1
 0.32573 0
 0.32573 0
 0.32573 0
 1.41961 1
 1.41961 0
 1.41961 0
 1.41961 0
 1.41961 0
 1.41961 0
 1.41961 0
 1.13502 1
 1.13502 0
 1.13502 0
 1.13502 0
 1.13502 0
 1.13502 0
 1.13502 0
 1.13502 0
 1.13502 0
 1.13502 0
 1.13502 0
 1.13502 0
 1.13502 0
 1.13502 0
 1.13502 0
 1.13502 0
 1.13502 0
 3.41368 1
 3.41368 0
 -2.51344 1
 1.00128 1
 1.00128 0
 1.00128 0
 1.00128 0
 -2.02828 1
 -2.02828 0
 -2.02828 0
 -2.02828 0
 -2.02828 0
 -2.02828 0
 1.90653 1
 1.90653 0
 1.90653 0
 1.90653 0
 1.90653 0
 1.90653 0
 -6.09506 1
 -6.90284 1
 -4.04370 1
 -4.04370 0
 -2.12371 1
 0.73057 1
 0.73057 0
 0.73057 0
 0.73057 0
 0.73057 0
 0.73057 0
 0.73057 0
 0.73057 0
 5.52973 1
 5.52973 0
 5.52973 0
 5.52973 0
 5.52973 0
 5.52973 0
 5.52973 0
 8.64831 1
 8.64831 0
 7.86513 1
 7.86513 0
 5.32255 1
 2.59860 1
 2.59860 0
 2.59860 0
 2.63862 1
 1.15353 1
 1.15353 0
 1.15353 0
 0.85892 1
 0.85892 0
 0.85892 0
 0.85892 0
 0.85892 0
 0.85892 0
 0.85892 0
 0.85892 0
 0.85892 0
 0.85892 0
 0.85892 0
 0.85892 0
 0.85892 0
 0.85892 0
 0.85892 0
 0.85892 0
 0.85892 0
 0.85892 0
 0.85892 0
 0.85892 0
 0.85892 0
 0.85892 0
 0.85892 0
 0.85892 0
 0.35320 1
 0.35320 0
 0.35320 0
 0.35320 0
 0.35320 0
 0.35320 0
 0.35320 0
 0.35320 0
 -2.62123 1
 -2.62123 0
 -2.62123 0
 -3.15475 1
 -2.78726 1
 -2.78726 0
 -2.78726 0
 -2.78726 0
 -1.74785 1
 -1.31300 1
 -1.31300 0
 -1.31300 0
 3.48232 1
 3.48232 0
 3.48232 0
 3.48232 0
 3.48232 0
 -0.06654 1
 -0.06654 0
 -0.06654 0
 -0.06654 0
 -0.06654 0
 1.64177 1
 1.64177 0
 1.64177 0
 1.64177 0
 1.64177 0
 1.64177 0
 1.64177 0
 1.64177 0
 1.64177 0
 1.64177 0
 1.64177 0
 1.64177 0
 2.68562 1
 2.68562 0
 2.68562 0
 2.68562 0
 2.68562 0
 2.68562 0
 2.68562 0
 2.68562 0
 3.86277 1
 3.86277 0
 2.20713 1
 2.20713 0
 2.20713 0
 2.20713 0
 2.20713 0
 2.20713 0
 2.20713 0
 2.20713 0
 2.20713 0
 2.04809 1
 2.04809 0
 2.04809 0
 2.04809 0
 2.04809 0
 2.04809 0
 2.04809 0
 2.04809 0
 2.04809 0
 2.04809 0
 2.04809 0
 1.29703 1
 1.29703 0
 1.67557 1
 1.67557 0
 1.67557 0
 1.67557 0
 1.67557 0
 1.67557 0
 1.67557 0
 1.67557 0
 1.67557 0
 1.67557 0
 1.67557 0
 1.67557 0
 1.67557 0
 1.67557 0
 1.67557 0
 1.67557 0
 1.67557 0
 1.67557 0
 1.67557 0
 1.67557 0
 1.67557 0
 1.67557 0
 1.67557 0
 1.67557 0
 1.67557 0
 1.67557 0
 1.67557 0
 1.67557 0
 1.67557 0
 1.67557 0
 1.67557 0
 1.67557 0
 1.67557 0
 1.67557 0
 1.67557 0
 1.67557 0
 1.67557 0
 1.67557 0
 1.67557 0
 1.67557 0
 1.67557 0
 1.67557 0
 1.67557 0
 1.67557 0
 1.67557 0
 1.67557 0
 1.67557 0
 1.67557 0
 1.67557 0
 1.67557 0
 1.67557 0
 1.67557 0
 1.67557 0
 1.67557 0
 2.10159 1
 0.97021 1
 0.97021 0
 0.97021 0
 0.97021 0
 0.97021 0
 -0.38007 1
 -0.38007 0
 -0.38007 0
 -0.50196 1
 -0.50196 0
 -0.50196 0
 -0.50196 0
 -0.58873 1
 -0.58873 0
 -0.58873 0
 -0.58873 0
 -0.58873 0
 -0.58873 0
 -0.58873 0
 -0.58873 0
 -0.58873 0
 -0.58873 0
 2.00058 1
 2.00058 0
 1.16771 1
 1.16771 0
 1.16771 0
 1.16771 0
 1.16771 0
 1.16771 0
 1.16771 0
 1.16771 0
 1.16771 0
 1.16771 0
 1.16771 0
 1.16771 0
 1.16771 0
 1.16771 0
 1.16771 0
 1.16771 0
 1.16771 0
 0.57501 1
 0.57501 0
 0.57501 0
 0.57501 0
 0.57501 0
 0.57501 0
 0.57501 0
 0.57501 0
 0.57501 0
 0.57501 0
 0.57501 0
 0.57501 0
 0.57501 0
 0.57501 0
 0.57501 0
 0.57501 0
 0.57501 0
 0.57501 0
 0.57501 0
 1.57429 1
 1.57429 0
 1.57429 0
 1.57429 0
 1.57429 0
 1.57429 0
 1.57429 0
 1.57429 0
 1.57429 0
 1.57429 0
 1.57429 0
 1.57429 0
 1.57429 0
 1.57429 0
 1.57429 0
 1.57429 0
 1.42163 1
 1.42163 0
 1.42163 0
 1.42163 0
 1.42163 0
 1.42163 0
 1.42163 0
 1.42163 0
 1.42163 0
 1.42163 0
 1.42163 0
 1.42163 0
 1.42163 0
 1.42163 0
 1.42163 0
 1.42163 0
 1.42163 0
 1.42163 0
 1.42163 0
 1.42163 0
 1.42163 0
 1.42163 0
 1.42163 0
 1.42163 0
 1.42163 0
 1.42163 0
 3.37728 1
 3.37728 0
 3.37728 0
 3.37728 0
 3.37728 0
 3.37728 0
 3.37728 0
 3.37728 0
 3.37728 0
 1.12211 1
 1.12211 0
 1.12211 0
 1.12211 0
 1.12211 0
 1.12211 0
 1.12211 0
 1.12211 0
 1.12211 0
 1.12211 0
 -1.46080 1
 1.18306 1
 2.07470 1
 2.07470 0
 2.07470 0
 2.07470 0
 2.07470 0
 2.07470 0
 2.07470 0
 2.07470 0
 2.07470 0
 1.58010 1
 1.58010 0
 1.58010 0
 1.58010 0
 1.58010 0
 1.58010 0
 1.58010 0
 1.58010 0
 1.58010 0
 1.58010 0
 1.45559 1
 1.45559 0
 1.45559 0
 1.45559 0
 1.45559 0
 1.45559 0
 1.45559 0
 1.45559 0
 1.45559 0
 1.45559 0
 1.45559 0
 1.53494 1
 1.53494 0
 1.53494 0
 -1.55817 1
 -1.55817 0
 -1.55817 0
 -1.99367 1
 0.83696 1
 0.83696 0
 0.83696 0
 0.83696 0
 2.14132 1
 -2.03585 1
 1.20869 1
 -0.31196 1
 -0.31196 0
 -0.31196 0
 -0.31196 0
 0.19883 1
 0.19883 0
 1.97721 1
 1.51697 1
 1.51697 0
 1.51697 0
 1.51697 0
 1.51697 0
 1.51697 0
 1.51697 0
 1.51697 0
 1.51697 0
 1.51697 0
 1.51697 0
 1.51697 0
 1.51697 0
 1.51697 0
 -0.60494 1
 0.46741 1
 0.46741 0
 0.46741 0
 0.46741 0
 0.46741 0
 0.46741 0
 0.46741 0
 0.46741 0
 -0.38149 1
 -0.38149 0
 -0.38149 0
 -0.38149 0
 -0.38149 0
 -0.38149 0
 -0.38149 0
 -0.38149 0
 2.39630 1
 4.50401 1
 4.50401 0
 -1.50893 1
 -1.57785 1
 -1.57785 0
 -1.57785 0
 -1.57785 0
 -1.57785 0
 -1.57785 0
 -1.57785 0
 -1.57785 0
 -1.57785 0
 -1.57785 0
 -1.57785 0
 -1.57785 0
 -2.67022 1
 -2.78747 1
 -0.27672 1
 -0.27672 0
 -0.27672 0
 -0.27672 0
 -0.27672 0
 -0.27672 0
 -0.27672 0
 -0.27672 0
 -0.27672 0
 -0.27672 0
 -0.27672 0
 -0.90083 1
 3.51242 1
 3.54973 1
 3.54973 0
 3.54973 0
 3.54973 0
 3.54973 0
 3.54973 0
 3.19763 1
 -0.22598 1
 -0.22598 0
 -0.22598 0
 -0.22598 0
 -0.22598 0
 -0.22598 0
 -0.22598 0
 -0.22598 0
 -0.22598 0
 -0.22598 0
 -0.22598 0
 -0.22598 0
 -0.22598 0
 -0.22598 0
 -0.22598 0
 -0.22598 0
 -0.22598 0
 -0.22598 0
 -0.22598 0
 -0.22598 0
 -0.22598 0
 -0.22598 0
 -0.22598 0
 -0.75817 1
 -0.75817 0
 -0.75817 0
 -0.75817 0
 -0.75817 0
 1.35959 1
 1.50595 1
 1.50595 0
 1.50595 0
 1.50595 0
 1.50595 0
 1.50595 0
 1.50595 0
 1.50595 0
 1.50595 0
 -2.06527 1
 -2.06527 0
 -2.06527 0
 0.17098 1
 0.17098 0
 0.17098 0
 0.17098 0
 0.17098 0
 0.17098 0
 2.99164 1
 2.99164 0
 2.99164 0
 2.99164 0
 2.99164 0
 -0.43332 1
 -0.43332 0
 -0.43332 0
 1.72844 1
 1.72844 0
 1.72844 0
 1.72844 0
 2.85917 1
 2.85917 0
 2.85917 0
 2.85917 0
 0.53456 1
 0.53456 0
 0.53456 0
 0.53456 0
 0.53456 0
 0.60114 1
 0.60114 0
 0.60114 0
 0.60114 0
 0.60114 0
 0.60114 0
 0.60114 0
 0.60114 0
 0.60114 0
 0.60114 0
 0.60114 0
 0.60114 0
 -0.17345 1
 -0.17345 0
 -0.17345 0
 -0.17345 0
 -0.17345 0
 -0.17345 0
 -0.17345 0
 -0.17345 0
 -0.17345 0
 -1.13333 1
 -1.13333 0
 -1.13333 0
 1.60915 1
 1.60915 0
 1.60915 0
 1.60915 0
 1.60915 0
 1.60915 0
 1.60915 0
 1.60915 0
 1.60915 0
 1.60915 0
 1.60915 0
 1.60915 0
 1.60915 0
 1.60915 0
 1.60915 0
 1.60915 0
 1.60915 0
 0.24400 1
 0.24400 0
 0.24400 0
 0.24400 0
 0.24400 0
 0.24400 0
 0.24400 0
 0.24400 0
 0.24400 0
 0.24400 0
 2.47680 1
 2.12547 1
 2.12547 0
 2.12547 0
 1.60194 1
 1.60194 0
 1.60194 0
 1.60194 0
 1.60194 0
 0.94048 1
 0.94048 0
 0.88072 1
 0.88072 0
 0.88072 0
 0.88072 0
 0.88072 0
 0.88072 0
 0.88072 0
 0.88072 0
 0.88072 0
 0.88072 0
 0.88072 0
 0.88072 0
 0.88072 0
 0.88072 0
 0.88072 0
 0.88072 0
 0.88072 0
 0.88072 0
 0.30333 1
 0.30333 0
 0.30333 0
 0.30333 0
 0.30333 0
 0.30333 0
 0.30333 0
 0.30333 0
 0.30333 0
 0.30333 0
 0.30333 0
 0.30333 0
 0.30333 0
 0.30333 0
 0.30333 0
 0.30333 0
 0.30333 0
 0.30333 0
 0.30333 0
 0.30333 0
 4.83970 1
 2.59651 1
 2.59651 0
 2.59651 0
 2.59651 0
 2.59651 0
 2.59651 0
 2.59651 0
 2.59651 0
 2.59651 0
 2.59651 0
 2.59651 0
 2.59651 0
 2.59651 0
 -0.74808 1
 -0.74808 0
 -0.74808 0
 -0.74808 0
 -0.74808 0
 -0.74808 0
 -0.74808 0
 -0.74808 0
 -0.74808 0
 -1.00881 1
 -1.00881 0
 -1.00881 0
 -1.00881 0
 -0.40045 1
 -0.28019 1
 -0.28019 0
 3.02586 1
 3.02586 0
 3.02586 0
 -0.72752 1
 -0.72752 0
 -0.72752 0
 -0.24151 1
 -0.24151 0
 -0.24151 0
 -0.24151 0
 0.34468 1
 0.34468 0
 0.34468 0
 0.34468 0
 0.34468 0
 0.34468 0
 0.34468 0
 0.34468 0
 0.34468 0
 1.36240 1
 1.36240 0
 1.36240 0
 1.36240 0
 1.36240 0
 1.36240 0
 1.36240 0
 1.36240 0
 1.36240 0
 1.36240 0
 1.36240 0
 1.36240 0
 1.36240 0
 1.36240 0
 1.36240 0
 1.36240 0
 1.36240 0
 2.34697 1
 1.13271 1
 1.13271 0
 4.73053 1
 4.73053 0
 -0.45683 1
 -0.45683 0
 -0.45683 0
 -0.45683 0
 -0.45683 0
 -0.45683 0
 -0.45683 0
 -0.45683 0
 -0.45683 0
 -0.45683 0
 -0.45683 0
 -0.45683 0
 -0.45683 0
 -0.45683 0
 -0.45683 0
 -0.45683 0
 -0.45683 0
 -0.45683 0
 -0.45683 0
 -0.45683 0
 -0.45683 0
 -0.29767 1
 -0.16492 1
 -0.16492 0
 -0.16492 0
 -0.27242 1
 -0.27242 0
 -0.27242 0
 -0.27242 0
 -0.27242 0
 0.48994 1
 0.48994 0
 0.48994 0
 0.48994 0
 0.48994 0
 0.48994 0
 0.48994 0
 0.48994 0
 0.48994 0
 0.48994 0
 0.48994 0
 0.48994 0
 0.48994 0
 0.48994 0
 0.48994 0
 0.48994 0
 0.48994 0
 0.97408 1
 0.97408 0
 0.97408 0
 0.97408 0
 0.97408 0
 0.97408 0
 0.97408 0
 0.97916 1
 0.97916 0
 0.97916 0
 0.97916 0
 0.97916 0
 0.97916 0
 0.97916 0
 -1.20567 1
 -1.20567 0
 -1.75860 1
 -1.75860 0
 -1.75860 0
 0.60032 1
 0.60032 0
 0.60032 0
 0.60032 0
 0.60032 0
 0.60032 0
 2.09725 1
 0.62638 1
 0.62638 0
 0.62638 0
 0.62638 0
 0.62638 0
 0.62638 0
 0.62638 0
 0.62638 0
 0.62638 0
 0.62638 0
 0.62638 0
 0.62638 0
 0.62638 0
 0.62638 0
 0.62638 0
 0.62638 0
 0.62638 0
 0.62638 0
 0.62638 0
 0.62638 0
 0.62638 0
 0.62638 0
 0.62638 0
 0.62638 0
 0.62638 0
 0.62638 0
 0.62638 0
 0.62638 0
 1.27075 1
 1.27075 0
 0.83057 1
 0.83057 0
 0.83057 0
 1.41786 1
 1.41786 0
 1.41786 0
 1.41786 0
 1.41786 0
 1.41786 0
 1.41786 0
 1.41786 0
 1.41786 0
 1.41786 0
 1.41786 0
 1.41786 0
 1.41786 0
 1.41786 0
 1.90944 1
 2.28731 1
 2.28731 0
 2.28731 0
 2.28731 0
 0.32464 1
 0.32464 0
 0.32464 0
 0.32464 0
 1.12774 1
 1.12774 0
 1.13002 1
 1.13002 0
 1.13002 0
 1.13002 0
 1.13002 0
 1.13002 0
 1.13002 0
 0.25240 1
 0.25240 0
 0.25240 0
 0.25240 0
 0.25240 0
 0.25240 0
 0.25240 0
 0.25240 0
 0.25240 0
 0.25240 0
 0.25240 0
 0.25240 0
 0.25240 0
 0.25240 0
 0.24740 1
 0.24740 0
 0.24740 0
 0.24740 0
 0.24740 0
 0.24740 0
 -1.06888 1
 -1.06888 0
 -1.06888 0
 0.80805 1
 0.80805 0
 0.80805 0
 0.80805 0
 0.80805 0
 0.80805 0
 0.80805 0
 0.80805 0
 0.80805 0
 0.80805 0
 0.80805 0
 0.80805 0
 0.80805 0
 0.80805 0
 0.80805 0
 0.80805 0
 5.91154 1
 -10.27685 1
 -10.27685 0
 -10.27685 0
 3.11969 1
 3.11969 0
 1.74589 1
 1.74589 0
 1.74589 0
 1.74589 0
 1.29534 1
 1.29534 0
 1.29534 0
 1.29534 0
 1.29534 0
 0.70652 1
 0.70652 0
 2.56695 1
 2.56695 0
 0.97917 1
 0.97917 0
 0.97917 0
 0.97917 0
 0.97917 0
 0.97917 0
 0.97917 0
 0.97917 0
 0.97917 0
 1.98475 1
 1.98475 0
 1.98475 0
 -0.00192 1
 -0.00192 0
 -0.00192 0
 -0.00192 0
 -0.30811 1
 -0.66896 1
 -0.66896 0
 -0.66896 0
 0.28764 1
 0.28764 0
 0.28764 0
 0.28764 0
 0.28764 0
 0.28764 0
 0.28764 0
 0.28764 0
 0.28764 0
 0.28764 0
 0.28764 0
 0.28764 0
 0.98365 1
 0.98365 0
 0.98365 0
 0.34100 1
 0.85015 1
 0.85015 0
 0.85015 0
 0.85015 0
 0.85015 0
 0.85015 0
 0.85015 0
 0.85015 0
 0.85015 0
 0.85015 0
 0.85015 0
 0.85015 0
 0.85015 0
 0.85015 0
 0.85015 0
 0.85015 0
 0.85015 0
 0.85015 0
 0.85015 0
 0.85015 0
 0.85015 0
 0.85015 0
 0.85015 0
 0.85015 0
 0.85015 0
 0.85015 0
 0.85015 0
 0.85015 0
 0.85015 0
 0.85015 0
 0.85015 0
 0.85015 0
 0.85015 0
 0.85015 0
 1.13521 1
 1.13521 0
 1.13521 0
 1.13521 0
 1.13521 0
 1.13521 0
 1.13521 0
 1.13521 0
 1.13521 0
 1.13521 0
 1.13521 0
 2.36423 1
 2.36423 0
 2.36423 0
 2.36423 0
 2.36423 0
 0.35038 1
 0.35038 0
 0.35038 0
 0.35038 0
 0.35038 0
 0.35038 0
 0.35038 0
 3.83065 1
 3.83065 0
 3.83065 0
 -0.14220 1
 -0.14220 0
 -0.14220 0
 -0.14220 0
 -0.14220 0
 -0.14220 0
 -0.14220 0
 -0.14220 0
 -0.14220 0
 -0.14220 0
 -2.54285 1
 2.95013 1
 2.95013 0
 2.95013 0
 2.95013 0
 3.54594 1
 -0.14454 1
 -3.25607 1
 -3.25607 0
 -3.25607 0
 -3.25607 0
 -3.25607 0
 0.58998 1
 1.11474 1
 1.11474 0
 1.11474 0
 1.11474 0
 1.11474 0
 -0.74102 1
 -0.74102 0
 -0.74102 0
 -0.74102 0
 -0.74102 0
 1.57662 1
 1.57662 0
 1.57662 0
 1.57662 0
 1.57662 0
 1.57662 0
 1.57662 0
 1.57662 0
 1.57662 0
 1.57662 0
 1.57662 0
 1.57662 0
 1.57662 0
 1.57662 0
 1.57662 0
 1.57662 0
 1.57662 0
 1.57662 0
 1.57662 0
 1.57662 0
 1.41689 1
 1.41689 0
 1.41689 0
 1.41689 0
 1.41689 0
 1.41689 0
 1.41689 0
 1.41689 0
 1.41689 0
 1.41689 0
 1.41689 0
 1.41689 0
 -2.09257 1
 -2.09257 0
 -2.09257 0
 -2.09257 0
 -2.09257 0
 -2.09257 0
 -2.09257 0
 -2.09257 0
 -2.09257 0
 -1.47425 1
 -1.47425 0
 -1.47425 0
 -1.47425 0
 -1.94125 1
 -1.94125 0
 -1.94125 0
 3.35930 1
 3.35930 0
 3.35930 0
 3.35930 0
 3.35930 0
 3.35930 0
 3.35930 0
 3.35930 0
 3.35930 0
 3.35930 0
 3.35930 0
 3.35930 0
 3.35930 0
 0.74784 1
 0.74784 0
 0.74784 0
 0.74784 0
 0.74784 0
 0.74784 0
 0.74784 0
 0.74784 0
 -5.07165 1
 -1.26911 1
 -1.26911 0
 -1.26911 0
 -1.26911 0
 -1.26911 0
 -1.26911 0
 -1.26911 0
 -1.26911 0
 -1.26911 0
 -1.26911 0
 -1.26911 0
 -1.26911 0
 4.83866 1
 4.83866 0
 -2.04261 1
 -2.04261 0
 2.70026 1
 2.70026 0
 2.70026 0
 2.70026 0
 2.70026 0
 -0.37925 1
 -0.37925 0
 -0.37925 0
 -0.37925 0
 0.05349 1
 0.05349 0
 2.21500 1
 2.21500 0
 2.21500 0
 2.21500 0
 2.21500 0
 2.21500 0
 -0.24977 1
 -0.24977 0
 -0.24977 0
 -0.24977 0
 -0.24977 0
 -0.24977 0
 -0.24977 0
 -0.24977 0
 -0.24977 0
 -0.24977 0
 -0.24977 0
 0.42549 1
 1.50826 1
 1.50826 0
 1.50826 0
 1.50826 0
 1.50826 0
 1.50826 0
 1.50826 0
 1.50826 0
 1.50826 0
 2.11852 1
 0.93885 1
 0.93885 0
 0.93885 0
 0.93885 0
 0.93885 0
 0.93885 0
 0.93885 0
 0.93885 0
 0.93885 0
 0.93885 0
 0.93885 0
 1.16125 1
 0.11435 1
 0.11435 0
 0.11435 0
 0.11435 0
 -0.86848 1
 -0.86848 0
 1.71943 1
 1.71943 0
 1.71943 0
 1.71943 0
 1.71943 0
 1.71943 0
 1.71943 0
 1.71943 0
 1.71943 0
 1.71943 0
 1.71943 0
 1.71943 0
 1.71943 0
 1.71943 0
 1.71943 0
 1.71943 0
 1.71943 0
 1.71943 0
 1.71943 0
 1.71943 0
 1.71943 0
 1.71943 0
 1.71943 0
 1.71943 0
 1.71943 0
 1.71943 0
 1.71943 0
 -0.34876 1
 -0.34876 0
 -0.34876 0
 -0.34876 0
 -0.34876 0
 -0.34876 0
 -0.34876 0
 -0.34876 0
 -0.34876 0
 -0.34876 0
 -0.34876 0
 0.06674 1
 0.06674 0
 0.06674 0
 0.06674 0
 0.06674 0
 1.15756 1
 1.15756 0
 1.15756 0
 1.15756 0
 1.15756 0
 1.15756 0
 1.15756 0
 1.15756 0
 1.15756 0
 1.15756 0
 1.15756 0
 1.15756 0
 1.15756 0
 1.15756 0
 1.15756 0
 1.15756 0
 -1.42006 1
 1.00755 1
 1.00755 0
 1.00755 0
 1.00755 0
 1.00755 0
 1.00755 0
 1.00755 0
 0.21058 1
 0.21058 0
 0.21058 0
 0.21058 0
 0.21058 0
 0.21058 0
 0.21058 0
 0.21058 0
 -1.13809 1
 -1.13809 0
 -1.13809 0
 -1.13809 0
 2.27799 1
 2.27799 0
 2.27799 0
 2.27799 0
 2.27799 0
 2.76962 1
 2.76962 0
 2.76962 0
 2.76962 0
 -0.09637 1
 -0.09637 0
 -0.09637 0
 -0.09637 0
 -0.09637 0
 -0.09637 0
 -0.09637 0
 -0.09637 0
 2.14914 1
 2.14914 0
 2.14914 0
 2.27856 1
 2.27856 0
 2.27856 0
 2.27856 0
 0.65007 1
 0.65007 0
 0.65007 0
 0.65007 0
 0.65007 0
 0.65007 0
 0.65007 0
 0.65007 0
 0.65007 0
 0.65007 0
 0.65007 0
 0.65007 0
 0.65007 0
 0.65007 0
 0.65007 0
 0.65007 0
 0.65007 0
 0.65007 0
 0.65007 0
 0.65007 0
 0.65007 0
 0.65007 0
 0.65007 0
 0.65007 0
 0.65007 0
 0.65007 0
 0.65007 0
 0.80847 1
 0.80847 0
 0.80847 0
 0.80847 0
 0.61699 1
 0.61699 0
 0.61699 0
 0.61699 0
 0.61699 0
 0.61699 0
 0.61699 0
 0.61699 0
 0.61699 0
 0.61699 0
 0.61699 0
 0.61699 0
 -1.11963 1
 -1.11963 0
 -1.11963 0
 -1.11963 0
 -1.11963 0
 -1.11963 0
 -1.11963 0
 -1.11963 0
 -1.11963 0
 -1.11963 0
 -1.11963 0
 -1.11963 0
 -1.11963 0
 -1.11963 0
 -1.11963 0
 -1.11963 0
 -1.11963 0
 -1.11963 0
 0.15283 1
 0.15283 0
 0.15283 0
 0.15283 0
 0.15283 0
 0.15283 0
 0.15283 0
 0.15283 0
 -2.49950 1
 -2.49950 0
 0.26313 1
 0.26313 0
 0.26313 0
 0.26313 0
 0.26313 0
 0.26313 0
 0.26313 0
 0.26313 0
 0.26313 0
 0.26313 0
 0.26313 0
 0.26313 0
 0.26313 0
 0.26313 0
 -0.52245 1
 0.82057 1
 0.82057 0
 0.82057 0
 0.82057 0
 0.82057 0
 0.82057 0
 0.82057 0
 0.82057 0
 0.82057 0
 0.82057 0
 0.82057 0
 0.82057 0
 0.82057 0
 0.82057 0
 0.82057 0
 0.82057 0
 1.84082 1
 1.84082 0
 1.84082 0
 1.84082 0
 1.84082 0
 1.84082 0
 1.84082 0
 1.84082 0
 1.84082 0
 1.84082 0
 1.84082 0
 1.84082 0
 1.84082 0
 1.84082 0
 1.84082 0
 1.84082 0
 1.84082 0
 1.84082 0
 1.84082 0
 1.84082 0
 1.84082 0
 1.84082 0
 1.84082 0
 1.84082 0
 1.84082 0
 1.47707 1
 1.47707 0
 1.47707 0
 1.47707 0
 1.47707 0
 1.47707 0
 1.47707 0
 1.47707 0
 1.47707 0
 1.47707 0
 1.47707 0
 1.47707 0
 1.47707 0
 1.47707 0
 0.39190 1
 0.39190 0
 1.26052 1
 1.26052 0
 1.26052 0
 1.26052 0
 1.26052 0
 1.26052 0
 1.26052 0
 1.11804 1
 1.11804 0
 1.11804 0
 1.11804 0
 1.11804 0
 1.11804 0
 0.28298 1
 0.28298 0
 0.28298 0
 0.28298 0
 1.48098 1
 1.48098 0
 1.48098 0
 1.48098 0
 1.48098 0
 1.48098 0
 1.76239 1
 1.76239 0
 -0.61884 1
 -0.61884 0
 -0.61884 0
 3.82925 1
 3.82925 0
 3.82925 0
 3.82925 0
 3.82925 0
 3.82925 0
 3.82925 0
 3.82925 0
 3.82925 0
 -2.05331 1
 -2.21971 1
 -0.68559 1
 1.69637 1
 1.69637 0
 1.69637 0
 1.69637 0
 1.69637 0
 1.69637 0
 -0.28253 1
 1.27207 1
 -1.41517 1
 -1.41517 0
 -1.41517 0
 -1.41517 0
 -1.41517 0
 1.56688 1
 1.56688 0
 1.56688 0
 1.56688 0
 1.56688 0
 1.56688 0
 0.55649 1
 0.55649 0
 0.55649 0
 0.55649 0
 0.55649 0
 0.55649 0
 0.55649 0
 0.55649 0
 0.55649 0
 0.55649 0
 0.55649 0
 0.55649 0
 0.55649 0
 0.55649 0
 0.55649 0
 0.55649 0
 0.55649 0
 0.55649 0
 0.55649 0
 0.55649 0
 0.55649 0
 0.55649 0
 0.55649 0
 0.55649 0
 0.55649 0
 0.55649 0
 0.55649 0
 0.55649 0
 0.55649 0
 0.55649 0
 0.55649 0
 0.55649 0
 0.55649 0
 0.55649 0
 0.55649 0
 0.55649 0
 0.55649 0
 0.55649 0
 0.55649 0
 0.55649 0
 0.55649 0
 0.55649 0
 0.55649 0
 0.55649 0
 0.60670 1
 0.60670 0
 0.60670 0
 0.60670 0
 0.60670 0
 0.60670 0
 0.60670 0
 0.60670 0
 -3.03142 1
 -0.89167 1
 3.51355 1
 3.51355 0
 1.16510 1
 1.16510 0
 1.16510 0
 1.16510 0
 1.16510 0
 1.16510 0
 1.16510 0
 1.16510 0
 1.16510 0
 1.16510 0
 1.16510 0
 1.16510 0
 1.16510 0
 1.16510 0
 1.16510 0
 1.16510 0
 1.16510 0
 1.16510 0
 1.16510 0
 1.16510 0
 1.16510 0
 1.16510 0
 1.16510 0
 1.16510 0
 1.16510 0
 1.16510 0
 -1.14873 1
 -1.14873 0
 -1.14873 0
 0.33222 1
 0.33222 0
 0.33222 0
 0.33222 0
 0.33222 0
 0.33222 0
 0.33222 0
 0.33222 0
 0.33222 0
 0.33222 0
 0.33222 0
 0.33222 0
 0.33222 0
 0.33222 0
 1.47685 1
 1.47685 0
 1.47685 0
 1.47685 0
 -0.63931 1
 -0.63931 0
 -0.63931 0
 -0.63931 0
 -0.63931 0
 -0.63931 0
 -0.63931 0
 -0.90348 1
 -0.90348 0
 -0.90348 0
 -0.90348 0
 -0.90348 0
 -0.90348 0
 -0.90348 0
 3.74108 1
 3.74108 0
 3.74108 0
 3.74108 0
 3.74108 0
 1.12808 1
 1.12808 0
 1.12808 0
 1.12808 0
 1.12808 0
 1.12808 0
 1.12808 0
 2.22997 1
 2.22997 0
 2.22997 0
 2.22997 0
 2.22997 0
 2.22997 0
 2.22997 0
 0.19929 1
 0.19929 0
 0.19929 0
 0.19929 0
 -0.70054 1
 1.13661 1
 1.13661 0
 1.13661 0
 1.13661 0
 1.13661 0
 1.13661 0
 1.13661 0
 1.13661 0
 1.13661 0
 1.74407 1
 1.74407 0
 1.74407 0
 1.74407 0
 1.74407 0
 1.74407 0
 1.74407 0
 1.74407 0
 1.74407 0
 1.74407 0
 1.74407 0
 1.74407 0
 1.74407 0
 1.74407 0
 1.74407 0
 2.46088 1
 2.46088 0
 2.46088 0
 -1.82481 1
 -1.82481 0
 1.90093 1
 1.79844 1
 1.79844 0
 1.79844 0
 1.79844 0
 1.79844 0
 1.79844 0
 1.79844 0
 1.91586 1
 1.91586 0
 1.91586 0
 1.91586 0
 1.91586 0
 1.91586 0
 1.91586 0
 1.91586 0
 1.91586 0
 1.91586 0
 1.91586 0
 1.91586 0
 0.95473 1
 0.95473 0
 0.95473 0
 0.95473 0
 0.95473 0
 0.95473 0
 0.95473 0
 0.95473 0
 1.59181 1
 1.59181 0
