 1.00306 1
 0.99918 1
 0.99493 1
 0.98270 1
 0.99576 1
 0.99641 1
 0.97900 1
 0.96460 1
 0.96146 1
 0.98160 1
 0.96969 1
 0.95873 1
 0.96474 1
 0.95862 1
 0.96045 1
 0.95269 1
 0.95625 1
 0.94089 1
 0.93989 1
 0.94608 1
 0.93780 1
 0.94334 1
 0.95012 1
 0.96229 1
 0.95804 1
 0.95513 1
 0.94035 1
 0.93751 1
 0.93103 1
 0.92712 1
 0.93286 1
 0.93051 1
 0.95702 1
 0.97603 1
 0.96066 1
 0.95732 1
 0.96313 1
 0.93669 1
 0.93065 1
 0.93112 1
 0.94070 1
 0.92955 1
 0.92479 1
 0.91230 1
 0.91029 1
 0.92582 1
 0.91952 1
 0.92921 1
 0.92180 1
 0.91392 1
 0.91662 1
 0.94039 1
 0.94278 1
 0.94195 1
 0.94843 1
 0.93497 1
 0.93683 1
 0.94253 1
 0.95065 1
 0.94134 1
 0.94313 1
 0.93968 1
 0.94468 1
 0.93344 1
 0.93002 1
 0.93752 1
 0.92987 1
 0.93043 1
 0.92972 1
 0.92631 1
 0.92641 1
 0.92974 1
 0.93462 1
 0.92827 1
 0.92348 1
 0.92798 1
 0.90781 1
 0.91302 1
 0.92073 1
 0.90566 1
 0.90965 1
 0.92566 1
 0.92210 1
 0.91527 1
 0.93489 1
 0.94440 1
 0.93793 1
 0.93383 1
 0.91540 1
 0.90680 1
 0.89231 1
 0.88656 1
 0.90019 1
 0.90415 1
 0.90757 1
 0.90947 1
 0.91122 1
 0.91821 1
 0.91372 1
 0.90730 1
 0.90077 1
 0.90307 1
 0.90117 1
 0.89795 1
 0.90825 1
 0.89420 1
 0.89550 1
 0.91100 1
 0.91295 1
 0.89807 1
 0.91185 1
 0.91736 1
 0.90340 1
 0.90162 1
 0.88890 1
 0.88933 1
 0.88717 1
 0.89149 1
 0.88676 1
 0.88733 1
 0.88699 1
 0.87392 1
 0.87430 1
 0.87561 1
 0.86274 1
 0.87303 1
 0.86972 1
 0.86927 1
 0.84886 1
 0.83217 1
 0.83865 1
 0.83979 1
 0.82414 1
 0.82006 1
 0.83295 1
 0.83856 1
 0.83337 1
 0.83293 1
 0.82369 1
 0.81824 1
 0.80718 1
 0.81074 1
 0.79605 1
 0.80331 1
 0.80131 1
 0.80804 1
 0.79643 1
 0.77207 1
 0.75843 1
 0.75777 1
 0.74990 1
 0.73044 1
 0.72978 1
 0.71974 1
 0.71785 1
 0.72439 1
 0.72578 1
 0.70823 1
 0.69978 1
 0.71691 1
 0.71159 1
 0.71370 1
 0.68604 1
 0.68652 1
 0.70010 1
 0.69409 1
 0.70886 1
 0.71740 1
 0.72827 1
 0.72409 1
 0.73323 1
 0.71788 1
 0.72935 1
 0.73812 1
 0.72988 1
 0.71642 1
 0.69546 1
 0.67891 1
 0.66744 1
 0.65355 1
 0.66825 1
 0.66309 1
 0.67821 1
 0.68256 1
 0.67648 1
 0.67675 1
 0.68374 1
 0.67270 1
 0.66847 1
 0.67353 1
 0.67781 1
 0.67123 1
 0.68424 1
 0.69016 1
 0.69655 1
 0.71092 1
 0.70179 1
 0.69067 1
 0.70516 1
 0.71176 1
 0.73296 1
 0.71482 1
 0.71105 1
 0.72827 1
 0.71642 1
 0.71661 1
 0.73037 1
 0.70931 1
 0.70964 1
 0.72518 1
 0.73900 1
 0.74509 1
 0.74382 1
 0.74179 1
 0.72583 1
 0.71138 1
 0.70340 1
 0.71613 1
 0.70210 1
 0.70234 1
 0.70923 1
 0.69840 1
 0.69036 1
 0.68644 1
 0.69431 1
 0.69523 1
 0.68898 1
 0.70635 1
 0.68413 1
 0.66666 1
 0.66581 1
 0.65766 1
 0.65318 1
 0.66865 1
 0.67639 1
 0.67107 1
 0.67606 1
 0.67279 1
 0.67414 1
 0.66453 1
 0.64866 1
 0.64691 1
 0.66889 1
 0.66579 1
 0.67946 1
 0.69136 1
 0.69517 1
 0.70327 1
 0.70378 1
 0.69641 1
 0.70005 1
 0.70397 1
 0.70517 1
 0.70943 1
 0.70025 1
 0.68478 1
 0.68437 1
 0.68482 1
 0.68613 1
 0.69690 1
 0.68571 1
 0.68730 1
 0.69797 1
 0.69479 1
 0.68907 1
 0.70002 1
 0.70304 1
 0.70375 1
 0.71115 1
 0.71263 1
 0.70158 1
 0.70458 1
 0.69476 1
 0.69654 1
 0.70595 1
 0.67982 1
 0.67420 1
 0.68577 1
 0.68798 1
 0.67393 1
 0.66537 1
 0.66849 1
 0.67407 1
 0.67002 1
 0.66168 1
 0.66363 1
 0.65245 1
 0.64333 1
 0.63457 1
 0.63561 1
 0.63875 1
 0.66104 1
 0.66322 1
 0.65980 1
 0.67005 1
 0.65857 1
 0.65787 1
 0.66287 1
 0.67665 1
 0.67629 1
 0.68850 1
 0.69529 1
 0.67022 1
 0.66021 1
 0.65235 1
 0.64759 1
 0.65955 1
 0.65713 1
 0.67681 1
 0.68026 1
 0.67749 1
 0.67808 1
 0.67594 1
 0.68665 1
 0.70838 1
 0.71199 1
 0.69104 1
 0.70338 1
 0.69753 1
 0.70075 1
 0.69519 1
 0.70103 1
 0.68838 1
 0.69660 1
 0.70486 1
 0.70000 1
 0.69533 1
 0.69990 1
 0.69297 1
 0.68766 1
 0.68126 1
 0.65762 1
 0.66931 1
 0.66408 1
 0.67152 1
 0.67909 1
 0.68063 1
 0.67868 1
 0.67810 1
 0.68502 1
 0.67742 1
 0.67988 1
 0.67677 1
 0.67566 1
 0.66363 1
 0.67561 1
 0.66828 1
 0.66727 1
 0.67959 1
 0.68074 1
 0.68777 1
 0.69277 1
 0.70031 1
 0.69584 1
 0.70090 1
 0.67752 1
 0.66800 1
 0.66526 1
 0.64021 1
 0.62974 1
 0.63642 1
 0.63669 1
 0.64326 1
 0.64516 1
 0.64719 1
 0.64153 1
 0.65937 1
 0.68025 1
 0.67346 1
 0.67700 1
 0.67946 1
 0.68424 1
 0.67870 1
 0.68562 1
 0.70268 1
 0.70944 1
 0.70330 1
 0.70975 1
 0.71741 1
 0.73595 1
 0.74298 1
 0.75759 1
 0.76591 1
 0.74984 1
 0.74620 1
 0.75605 1
 0.75907 1
 0.74863 1
 0.74241 1
 0.74416 1
 0.73511 1
 0.73140 1
 0.73669 1
 0.73617 1
 0.72871 1
 0.71392 1
 0.70113 1
 0.69265 1
 0.70174 1
 0.71890 1
 0.72028 1
 0.73488 1
 0.72543 1
 0.72359 1
 0.73343 1
 0.73347 1
 0.70943 1
 0.70183 1
 0.71478 1
 0.71514 1
 0.71210 1
 0.70316 1
 0.70904 1
 0.71252 1
 0.70884 1
 0.70093 1
 0.69452 1
 0.67780 1
 0.68399 1
 0.67941 1
 0.68048 1
 0.68506 1
 0.66868 1
 0.65912 1
 0.65448 1
 0.65571 1
 0.64603 1
 0.63478 1
 0.62715 1
 0.62720 1
 0.62791 1
 0.62062 1
 0.63390 1
 0.62964 1
 0.63738 1
 0.63443 1
 0.62585 1
 0.64394 1
 0.62955 1
 0.63668 1
 0.63059 1
 0.62579 1
 0.63832 1
 0.63735 1
 0.64115 1
 0.64207 1
 0.63417 1
 0.64158 1
 0.62657 1
 0.60733 1
 0.60688 1
 0.62859 1
 0.61906 1
 0.61381 1
 0.61230 1
 0.62723 1
 0.63901 1
 0.65607 1
 0.64961 1
 0.64123 1
 0.63942 1
 0.61326 1
 0.60256 1
 0.59730 1
 0.58694 1
 0.60222 1
 0.59200 1
 0.58046 1
 0.56919 1
 0.56286 1
 0.56972 1
 0.56936 1
 0.57399 1
 0.56861 1
 0.57050 1
 0.56279 1
 0.56728 1
 0.54832 1
 0.55847 1
 0.55208 1
 0.54927 1
 0.56542 1
 0.56443 1
 0.58800 1
 0.59614 1
 0.60724 1
 0.60265 1
 0.62960 1
 0.62739 1
 0.63001 1
 0.64531 1
 0.64783 1
 0.65683 1
 0.66934 1
 0.66339 1
 0.66222 1
 0.66865 1
 0.68334 1
 0.67788 1
 0.67762 1
 0.66722 1
 0.67004 1
 0.68353 1
 0.69152 1
 0.69478 1
 0.68735 1
 0.68759 1
 0.68586 1
 0.70754 1
 0.71046 1
 0.70480 1
 0.69795 1
 0.68855 1
 0.68828 1
 0.67304 1
 0.65909 1
 0.65784 1
 0.65742 1
 0.67900 1
 0.68156 1
 0.67237 1
 0.66735 1
 0.65973 1
 0.66466 1
 0.66220 1
 0.66220 1
 0.66931 1
 0.66566 1
 0.67205 1
 0.67785 1
 0.68582 1
 0.67113 1
 0.67671 1
 0.67231 1
 0.66983 1
 0.66194 1
 0.67422 1
 0.67014 1
 0.67014 0
 0.67562 1
 0.67660 1
 0.67500 1
 0.65611 1
 0.65469 1
 0.63784 1
 0.63426 1
 0.62571 1
 0.60934 1
 0.59021 1
 0.61089 1
 0.60334 1
 0.61299 1
 0.62788 1
 0.63706 1
 0.63182 1
 0.66294 1
 0.66835 1
 0.66023 1
 0.66470 1
 0.66441 1
 0.65967 1
 0.65863 1
 0.66494 1
 0.66359 1
 0.66369 1
 0.66733 1
 0.68646 1
 0.68780 1
 0.69287 1
 0.69690 1
 0.71540 1
 0.71301 1
 0.72317 1
 0.73349 1
 0.74297 1
 0.72767 1
 0.71495 1
 0.71039 1
 0.68582 1
 0.69809 1
 0.69684 1
 0.68428 1
 0.69012 1
 0.68031 1
 0.67829 1
 0.69110 1
 0.69119 1
 0.70302 1
 0.70224 1
 0.72626 1
 0.73204 1
 0.72123 1
 0.72379 1
 0.72674 1
 0.72866 1
 0.72134 1
 0.72166 1
 0.73049 1
 0.73371 1
 0.73532 1
 0.72838 1
 0.74007 1
 0.74978 1
 0.76525 1
 0.76836 1
 0.77943 1
 0.78332 1
 0.77244 1
 0.77451 1
 0.76813 1
 0.75238 1
 0.76972 1
 0.76826 1
 0.79785 1
 0.80315 1
 0.78446 1
 0.80215 1
 0.80411 1
 0.80971 1
 0.79763 1
 0.79614 1
 0.78539 1
 0.78951 1
 0.78247 1
 0.78867 1
 0.77507 1
 0.76901 1
 0.77664 1
 0.78842 1
 0.79477 1
 0.79369 1
 0.79166 1
 0.78853 1
 0.79284 1
 0.78994 1
 0.79364 1
 0.79307 1
 0.78789 1
 0.77580 1
 0.78900 1
 0.79063 1
 0.80643 1
 0.80079 1
 0.80590 1
 0.81295 1
 0.79808 1
 0.80206 1
 0.81418 1
 0.81272 1
 0.80304 1
 0.81363 1
 0.82212 1
 0.83123 1
 0.82628 1
 0.84712 1
 0.86471 1
 0.87327 1
 0.88527 1
 0.90266 1
 0.90905 1
 0.92131 1
 0.92770 1
 0.92674 1
 0.92248 1
 0.92299 1
 0.93352 1
 0.93954 1
 0.95798 1
 0.95453 1
 0.95668 1
 0.96044 1
 0.96475 1
 0.97743 1
 0.97556 1
 0.98444 1
 0.97951 1
 0.99328 1
 0.97554 1
 0.97125 1
 0.96700 1
 0.95789 1
 0.97241 1
 0.99978 1
 0.98807 1
 0.99046 1
 1.00022 1
 0.99633 1
 0.99546 1
 0.99550 1
 0.98716 1
 0.98425 1
 0.98320 1
 0.97625 1
 0.96274 1
 0.96589 1
 0.96378 1
 0.95559 1
 0.94822 1
 0.96131 1
 0.93744 1
 0.92802 1
 0.91452 1
 0.91434 1
 0.92618 1
 0.91150 1
 0.92327 1
 0.93475 1
 0.92737 1
 0.90389 1
 0.89342 1
 0.89728 1
 0.89245 1
 0.89208 1
 0.88411 1
 0.88999 1
 0.89307 1
 0.89704 1
 0.88518 1
 0.88012 1
 0.86114 1
 0.85693 1
 0.86864 1
 0.84623 1
 0.84843 1
 0.83702 1
 0.84410 1
 0.83206 1
 0.83345 1
 0.84963 1
 0.84330 1
 0.83922 1
 0.82653 1
 0.82996 1
 0.84956 1
 0.83470 1
 0.86611 1
 0.85789 1
 0.86524 1
 0.87034 1
 0.85750 1
 0.85166 1
 0.84455 1
 0.82327 1
 0.82113 1
 0.81231 1
 0.81278 1
 0.83463 1
 0.84668 1
 0.84265 1
 0.84476 1
 0.84496 1
 0.85002 1
 0.86652 1
 0.85038 1
 0.84217 1
 0.84676 1
 0.83365 1
 0.83618 1
 0.84384 1
 0.86745 1
 0.86390 1
 0.85589 1
 0.85351 1
 0.85541 1
 0.86044 1
 0.86320 1
 0.85891 1
 0.85610 1
 0.85490 1
 0.87036 1
 0.85180 1
 0.84269 1
 0.84169 1
 0.85718 1
 0.85197 1
 0.85875 1
 0.85450 1
 0.85944 1
 0.85320 1
 0.85538 1
 0.85414 1
 0.85461 1
 0.83979 1
 0.82658 1
 0.84131 1
 0.85647 1
 0.86667 1
 0.86813 1
 0.87685 1
 0.86477 1
 0.86477 1
 0.86196 1
 0.86069 1
 0.85683 1
 0.85811 1
 0.85228 1
 0.82174 1
 0.83678 1
 0.84037 1
 0.83595 1
 0.81479 1
 0.81337 1
 0.81382 1
 0.82263 1
 0.82370 1
 0.81517 1
 0.81217 1
 0.80025 1
 0.79913 1
 0.79389 1
 0.80440 1
 0.81454 1
 0.81404 1
 0.80873 1
 0.83092 1
 0.81953 1
 0.81373 1
 0.81362 1
 0.80506 1
 0.79144 1
 0.78264 1
 0.75876 1
 0.75745 1
 0.77891 1
 0.76547 1
 0.75838 1
 0.76415 1
 0.76145 1
 0.75955 1
 0.74126 1
 0.74830 1
 0.74411 1
 0.74009 1
 0.73962 1
 0.74062 1
 0.73250 1
 0.72351 1
 0.72226 1
 0.71494 1
 0.71647 1
 0.72431 1
 0.73390 1
 0.73985 1
 0.74498 1
 0.74185 1
 0.74849 1
 0.74531 1
 0.74471 1
 0.75003 1
 0.74734 1
 0.73798 1
 0.73164 1
 0.72770 1
 0.72243 1
 0.71865 1
 0.73238 1
 0.74927 1
 0.76031 1
 0.77078 1
 0.78262 1
 0.77898 1
 0.78632 1
 0.79116 1
 0.78561 1
 0.79547 1
 0.80109 1
 0.79072 1
 0.79373 1
 0.78997 1
 0.77852 1
 0.77770 1
 0.76205 1
 0.75454 1
 0.74917 1
 0.74880 1
 0.73510 1
 0.72861 1
 0.74918 1
 0.75166 1
 0.72584 1
 0.72618 1
 0.73999 1
 0.73890 1
 0.73591 1
 0.72778 1
 0.71321 1
 0.72789 1
 0.72642 1
 0.73160 1
 0.73092 1
 0.72094 1
 0.71336 1
 0.71777 1
 0.71317 1
 0.71249 1
 0.71382 1
 0.72980 1
 0.74775 1
 0.74859 1
 0.72842 1
 0.73952 1
 0.75087 1
 0.75296 1
 0.76336 1
 0.74701 1
 0.73644 1
 0.72582 1
 0.74476 1
 0.73758 1
 0.73808 1
 0.73134 1
 0.72740 1
 0.74751 1
 0.74305 1
 0.73267 1
 0.72996 1
 0.74240 1
 0.75426 1
 0.74695 1
 0.74002 1
 0.73562 1
 0.75171 1
 0.73956 1
 0.73501 1
 0.73748 1
 0.75989 1
 0.75290 1
 0.76952 1
 0.76710 1
 0.77985 1
 0.77653 1
 0.79158 1
 0.78303 1
 0.79179 1
 0.77391 1
 0.76465 1
 0.76995 1
 0.77436 1
 0.77548 1
 0.78580 1
 0.79088 1
 0.80239 1
 0.79954 1
 0.79655 1
 0.80324 1
 0.79833 1
 0.79024 1
 0.78303 1
 0.78846 1
 0.77507 1
 0.78110 1
 0.77821 1
 0.80140 1
 0.80168 1
 0.78740 1
 0.78405 1
 0.78383 1
 0.78096 1
 0.78792 1
 0.80204 1
 0.79429 1
 0.80225 1
 0.81143 1
 0.79486 1
 0.78669 1
 0.78156 1
 0.80521 1
 0.82131 1
 0.81204 1
 0.81926 1
 0.81896 1
 0.82366 1
 0.83128 1
 0.82638 1
 0.81188 1
 0.81986 1
 0.81952 1
 0.81554 1
 0.79910 1
 0.79300 1
 0.79536 1
 0.79238 1
 0.78608 1
 0.78008 1
 0.77186 1
 0.77157 1
 0.78082 1
 0.78962 1
 0.79623 1
 0.79127 1
 0.79545 1
 0.80462 1
 0.79046 1
 0.79695 1
 0.81082 1
 0.80213 1
 0.80165 1
 0.80218 1
 0.80397 1
 0.79351 1
 0.80785 1
 0.80707 1
 0.79909 1
 0.80317 1
 0.78840 1
 0.78577 1
 0.79383 1
 0.79145 1
 0.77758 1
 0.77851 1
 0.77453 1
 0.77192 1
 0.76564 1
 0.78647 1
 0.79151 1
 0.79334 1
 0.78053 1
 0.78340 1
 0.79813 1
 0.78844 1
 0.80307 1
 0.80415 1
 0.79170 1
 0.79334 1
 0.78734 1
 0.78892 1
 0.78334 1
 0.76286 1
 0.76416 1
 0.77178 1
 0.76847 1
 0.78038 1
 0.77024 1
 0.76849 1
 0.76640 1
 0.74935 1
 0.73412 1
 0.74362 1
 0.75477 1
 0.75397 1
 0.73928 1
 0.74341 1
 0.75529 1
 0.75378 1
 0.73099 1
 0.72299 1
 0.71628 1
 0.70107 1
 0.71495 1
 0.71815 1
 0.72256 1
 0.74006 1
 0.74159 1
 0.74512 1
 0.75203 1
 0.76706 1
 0.76931 1
 0.74882 1
 0.75119 1
 0.75119 0
 0.75361 1
 0.75469 1
 0.76968 1
 0.75815 1
 0.75997 1
 0.76121 1
 0.76058 1
 0.75861 1
 0.74034 1
 0.73301 1
 0.73448 1
 0.73332 1
 0.72251 1
 0.72172 1
 0.71895 1
 0.72650 1
 0.73499 1
 0.73328 1
 0.72948 1
 0.73490 1
 0.72191 1
 0.74416 1
 0.76708 1
 0.76862 1
 0.76025 1
 0.78014 1
 0.76887 1
 0.76163 1
 0.75534 1
 0.76836 1
 0.77374 1
 0.76457 1
 0.78776 1
 0.78356 1
 0.78623 1
 0.79637 1
 0.81398 1
 0.83787 1
 0.85434 1
 0.85961 1
 0.86112 1
 0.86617 1
 0.87027 1
 0.86287 1
 0.87524 1
 0.87934 1
 0.86851 1
 0.85240 1
 0.85076 1
 0.84991 1
 0.85897 1
 0.85752 1
 0.85174 1
 0.84693 1
 0.84548 1
 0.85376 1
 0.83838 1
 0.82317 1
 0.81532 1
 0.81476 1
 0.82786 1
 0.83241 1
 0.83862 1
 0.82471 1
 0.83109 1
 0.83560 1
 0.83223 1
 0.83496 1
 0.81754 1
 0.81795 1
 0.79383 1
 0.78705 1
 0.77749 1
 0.79900 1
 0.79363 1
 0.79164 1
 0.78319 1
 0.78000 1
 0.76739 1
 0.75520 1
 0.76566 1
 0.76557 1
 0.77056 1
 0.77878 1
 0.78352 1
 0.78581 1
 0.79103 1
 0.80335 1
 0.79597 1
 0.78474 1
 0.78829 1
 0.77664 1
 0.78177 1
 0.77752 1
 0.78179 1
 0.77502 1
 0.75796 1
 0.74861 1
 0.74722 1
 0.74613 1
 0.74836 1
 0.75555 1
 0.77678 1
 0.77641 1
 0.77703 1
 0.76573 1
 0.76100 1
 0.74921 1
 0.77183 1
 0.76306 1
 0.77228 1
 0.78594 1
 0.77626 1
 0.77452 1
 0.79050 1
 0.78953 1
 0.79592 1
 0.79403 1
 0.79759 1
 0.80250 1
 0.79722 1
 0.79839 1
 0.82452 1
 0.82035 1
 0.81201 1
 0.80871 1
 0.82034 1
 0.82368 1
 0.81351 1
 0.81661 1
 0.80114 1
 0.80857 1
 0.80670 1
 0.80015 1
 0.79060 1
 0.80256 1
 0.79188 1
 0.79513 1
 0.77794 1
 0.76631 1
 0.77683 1
 0.77926 1
 0.76702 1
 0.76432 1
 0.76979 1
 0.76911 1
 0.77594 1
 0.75458 1
 0.74394 1
 0.73367 1
 0.71279 1
 0.70655 1
 0.69367 1
 0.69965 1
 0.69529 1
 0.68298 1
 0.70085 1
 0.70956 1
 0.69758 1
 0.69224 1
 0.69863 1
 0.70536 1
 0.69173 1
 0.67818 1
 0.69448 1
 0.68920 1
 0.69740 1
 0.70630 1
 0.69618 1
 0.70068 1
 0.71993 1
 0.71943 1
 0.71222 1
 0.70557 1
 0.68962 1
 0.70785 1
 0.71618 1
 0.72567 1
 0.72821 1
 0.72732 1
 0.71840 1
 0.71572 1
 0.72318 1
 0.71865 1
 0.70885 1
 0.71511 1
 0.71895 1
 0.72160 1
 0.70888 1
 0.68953 1
 0.69666 1
 0.68614 1
 0.69753 1
 0.68676 1
 0.68798 1
 0.67949 1
 0.65355 1
 0.65956 1
 0.65723 1
 0.64818 1
 0.64307 1
 0.64134 1
 0.64668 1
 0.65157 1
 0.61799 1
 0.62988 1
 0.64363 1
 0.66227 1
 0.66872 1
 0.67383 1
 0.67567 1
 0.66575 1
 0.66710 1
 0.68885 1
 0.68411 1
 0.69918 1
 0.71068 1
 0.71114 1
 0.70919 1
 0.71715 1
 0.73891 1
 0.74914 1
 0.76010 1
 0.76165 1
 0.77023 1
 0.77186 1
 0.77034 1
 0.77691 1
 0.79651 1
 0.81229 1
 0.82593 1
 0.83389 1
 0.83067 1
 0.82029 1
 0.82374 1
 0.81522 1
 0.81148 1
 0.81075 1
 0.80348 1
 0.79278 1
 0.80790 1
 0.79923 1
 0.81420 1
 0.81619 1
 0.81921 1
 0.82377 1
 0.82658 1
 0.82070 1
 0.82193 1
 0.82340 1
 0.82251 1
 0.82816 1
 0.81916 1
 0.82486 1
 0.81338 1
 0.80270 1
 0.80989 1
 0.80695 1
 0.82443 1
 0.83212 1
 0.84487 1
 0.85366 1
 0.86161 1
 0.85687 1
 0.88442 1
 0.87568 1
 0.88637 1
 0.89394 1
 0.89114 1
 0.87618 1
 0.87870 1
 0.88286 1
 0.89766 1
 0.89744 1
 0.91907 1
 0.90245 1
 0.91800 1
 0.90921 1
 0.93403 1
 0.92490 1
 0.93728 1
 0.93259 1
 0.93089 1
 0.92545 1
 0.91727 1
 0.92453 1
 0.93260 1
 0.93362 1
 0.94544 1
 0.93370 1
 0.93232 1
 0.93504 1
 0.93547 1
 0.92670 1
 0.92420 1
 0.93246 1
 0.92640 1
 0.93499 1
 0.92504 1
 0.91253 1
 0.90516 1
 0.90475 1
 0.90139 1
 0.88768 1
 0.88267 1
 0.90352 1
 0.91283 1
 0.91083 1
 0.91469 1
 0.89957 1
 0.89344 1
 0.90977 1
 0.90807 1
 0.90386 1
 0.91852 1
 0.91216 1
 0.90963 1
 0.90132 1
 0.91048 1
 0.91475 1
 0.92759 1
 0.92915 1
 0.92630 1
 0.90515 1
 0.89787 1
 0.90300 1
 0.90709 1
 0.90608 1
 0.91932 1
 0.90695 1
 0.90716 1
 0.90808 1
 0.90256 1
 0.90430 1
 0.89554 1
 0.88222 1
 0.90041 1
 0.89990 1
 0.88660 1
 0.87868 1
 0.89092 1
 0.88006 1
 0.89178 1
 0.89543 1
 0.88467 1
 0.87365 1
 0.87887 1
 0.86696 1
 0.87417 1
 0.88789 1
 0.88441 1
 0.87259 1
 0.86493 1
 0.85921 1
 0.84806 1
 0.84997 1
 0.84955 1
 0.85806 1
 0.85469 1
 0.88065 1
 0.90466 1
 0.89125 1
 0.88751 1
 0.86987 1
 0.84859 1
 0.84767 1
 0.85191 1
 0.85209 1
 0.86217 1
 0.87284 1
 0.87695 1
 0.88196 1
 0.87972 1
 0.87237 1
 0.85801 1
 0.84012 1
 0.83877 1
 0.83189 1
 0.83304 1
 0.82926 1
 0.82924 1
 0.82809 1
 0.83164 1
 0.82181 1
 0.79771 1
 0.80897 1
 0.82058 1
 0.82521 1
 0.81650 1
 0.81001 1
 0.80102 1
 0.79889 1
 0.76845 1
 0.75839 1
 0.76679 1
 0.76882 1
 0.77338 1
 0.77196 1
 0.78250 1
 0.77252 1
 0.76668 1
 0.76146 1
 0.77469 1
 0.77978 1
 0.78753 1
 0.80081 1
 0.80057 1
 0.79325 1
 0.78090 1
 0.80021 1
 0.81100 1
 0.78910 1
 0.80085 1
 0.78956 1
 0.78086 1
 0.77437 1
 0.79729 1
 0.80854 1
 0.81747 1
 0.80702 1
 0.82711 1
 0.83991 1
 0.80965 1
 0.81388 1
 0.80942 1
 0.83023 1
 0.82695 1
 0.84998 1
 0.85218 1
 0.86356 1
 0.86874 1
 0.85843 1
 0.84307 1
 0.84404 1
 0.83363 1
 0.83019 1
 0.83404 1
 0.82707 1
 0.83076 1
 0.82706 1
 0.81909 1
 0.80487 1
 0.80460 1
 0.80654 1
 0.79580 1
 0.79959 1
 0.78479 1
 0.79225 1
 0.80164 1
 0.80126 1
 0.78963 1
 0.79352 1
 0.79674 1
 0.81023 1
 0.81098 1
 0.80051 1
 0.80635 1
 0.81399 1
 0.79745 1
 0.79371 1
 0.80590 1
 0.80246 1
 0.78254 1
 0.77597 1
 0.77597 0
 0.76867 1
 0.76858 1
 0.76864 1
 0.76524 1
 0.76108 1
 0.76328 1
 0.75616 1
 0.76449 1
 0.75987 1
 0.75644 1
 0.77528 1
 0.78217 1
 0.79360 1
 0.78900 1
 0.77963 1
 0.76907 1
 0.77506 1
 0.77133 1
 0.76466 1
 0.76675 1
 0.77866 1
 0.78216 1
 0.78114 1
 0.79924 1
 0.80592 1
 0.81286 1
 0.79764 1
 0.79669 1
 0.79001 1
 0.78495 1
 0.78133 1
 0.78857 1
 0.77009 1
 0.77722 1
 0.78926 1
 0.78921 1
 0.79877 1
 0.80665 1
 0.80463 1
 0.81251 1
 0.81676 1
 0.81860 1
 0.82470 1
 0.82058 1
 0.83222 1
 0.83253 1
 0.85083 1
 0.84790 1
 0.85514 1
 0.85910 1
 0.85567 1
 0.85593 1
 0.84948 1
 0.84914 1
 0.83914 1
 0.84717 1
 0.85343 1
 0.84677 1
 0.85250 1
 0.85462 1
 0.84819 1
 0.85338 1
 0.84950 1
 0.84636 1
 0.83256 1
 0.80918 1
 0.80964 1
 0.80408 1
 0.80775 1
 0.79302 1
 0.80475 1
 0.80408 1
 0.81867 1
 0.83656 1
 0.83414 1
 0.83608 1
 0.83409 1
 0.83433 1
 0.84034 1
 0.83489 1
 0.84102 1
 0.83416 1
 0.84212 1
 0.83462 1
 0.83975 1
 0.82779 1
 0.84138 1
 0.84827 1
 0.86108 1
 0.87554 1
 0.90223 1
 0.91734 1
 0.91460 1
 0.90547 1
 0.90474 1
 0.90294 1
 0.89942 1
 0.89829 1
 0.89475 1
 0.88376 1
 0.88251 1
 0.88869 1
 0.88506 1
 0.87978 1
 0.88451 1
 0.87319 1
 0.86842 1
 0.85845 1
 0.85629 1
 0.86162 1
 0.86403 1
 0.86756 1
 0.86494 1
 0.86277 1
 0.85762 1
 0.85132 1
 0.83454 1
 0.82834 1
 0.83609 1
 0.82642 1
 0.83274 1
 0.81707 1
 0.82259 1
 0.81507 1
 0.81626 1
 0.80389 1
 0.81295 1
 0.82141 1
 0.83095 1
 0.82257 1
 0.81272 1
 0.80125 1
 0.80740 1
 0.80298 1
 0.79531 1
 0.77548 1
 0.77616 1
 0.76615 1
 0.75465 1
 0.75094 1
 0.75577 1
 0.77509 1
 0.78260 1
 0.76733 1
 0.76662 1
 0.75365 1
 0.74413 1
 0.73829 1
 0.72358 1
 0.73188 1
 0.73120 1
 0.71186 1
 0.69780 1
 0.70672 1
 0.71082 1
 0.71772 1
 0.70770 1
 0.68881 1
 0.68565 1
 0.68544 1
 0.68798 1
 0.67990 1
 0.69476 1
 0.68687 1
 0.69002 1
 0.69727 1
 0.70704 1
 0.71001 1
 0.71337 1
 0.70607 1
 0.69166 1
 0.70090 1
 0.71025 1
 0.70455 1
 0.70897 1
 0.71955 1
 0.71791 1
 0.72397 1
 0.70836 1
 0.69430 1
 0.70294 1
 0.70778 1
 0.70911 1
 0.71921 1
 0.71415 1
 0.71727 1
 0.72177 1
 0.75158 1
 0.73342 1
 0.72236 1
 0.70913 1
 0.71238 1
 0.71284 1
 0.70525 1
 0.70620 1
 0.69763 1
 0.69200 1
 0.70037 1
 0.70338 1
 0.70061 1
 0.71904 1
 0.68885 1
 0.68759 1
 0.68875 1
 0.70014 1
 0.70332 1
 0.70636 1
 0.70877 1
 0.71788 1
 0.73317 1
 0.72975 1
 0.73219 1
 0.72775 1
 0.70911 1
 0.70194 1
 0.70117 1
 0.69138 1
 0.68935 1
 0.68696 1
 0.68658 1
 0.70090 1
 0.69434 1
 0.69774 1
 0.71429 1
 0.70395 1
 0.69937 1
 0.70438 1
 0.71613 1
 0.73172 1
 0.73205 1
 0.74064 1
 0.74010 1
 0.72796 1
 0.72224 1
 0.73141 1
 0.72214 1
 0.72797 1
 0.72955 1
 0.72683 1
 0.72510 1
 0.71148 1
 0.69786 1
 0.69618 1
 0.69991 1
 0.69456 1
 0.70065 1
 0.69277 1
 0.69981 1
 0.69855 1
 0.70301 1
 0.70994 1
 0.70342 1
 0.72133 1
 0.72773 1
 0.73882 1
 0.72118 1
 0.71691 1
 0.71070 1
 0.70777 1
 0.70502 1
 0.70954 1
 0.71311 1
 0.70970 1
 0.70513 1
 0.71827 1
 0.72246 1
 0.72397 1
 0.73292 1
 0.72767 1
 0.73184 1
 0.73712 1
 0.72368 1
 0.72339 1
 0.72400 1
 0.71565 1
 0.70352 1
 0.70333 1
 0.70690 1
 0.68557 1
 0.69635 1
 0.68660 1
 0.68489 1
 0.69950 1
 0.70018 1
 0.69393 1
 0.69012 1
 0.69085 1
 0.68636 1
 0.70945 1
 0.70972 1
 0.70167 1
 0.69360 1
 0.69461 1
 0.68389 1
 0.68410 1
 0.68205 1
 0.66128 1
 0.64867 1
 0.65799 1
 0.65439 1
 0.64130 1
 0.62748 1
 0.63714 1
 0.63696 1
 0.64065 1
 0.65268 1
 0.67188 1
 0.66732 1
 0.68184 1
 0.68730 1
 0.68859 1
 0.67230 1
 0.66792 1
 0.65594 1
 0.65771 1
 0.65473 1
 0.63828 1
 0.64076 1
 0.64383 1
 0.63821 1
 0.63736 1
 0.65571 1
 0.66148 1
 0.66754 1
 0.67150 1
 0.67920 1
 0.67204 1
 0.66205 1
 0.67804 1
 0.67558 1
 0.66725 1
 0.65983 1
 0.65718 1
 0.65790 1
 0.64663 1
 0.66584 1
 0.67107 1
 0.66454 1
 0.65118 1
 0.65253 1
 0.65811 1
 0.65101 1
 0.62915 1
 0.62689 1
 0.63012 1
 0.62335 1
 0.61326 1
 0.61322 1
 0.62020 1
 0.61588 1
 0.60539 1
 0.60589 1
 0.58448 1
 0.59623 1
 0.60700 1
 0.60061 1
 0.60317 1
 0.60486 1
 0.60784 1
 0.62843 1
 0.63799 1
 0.64646 1
 0.65820 1
 0.64444 1
 0.64551 1
 0.63877 1
 0.63317 1
 0.64174 1
 0.65181 1
 0.65499 1
 0.65959 1
 0.65657 1
 0.64592 1
 0.64818 1
 0.65863 1
 0.65919 1
 0.67583 1
 0.68828 1
 0.67675 1
 0.67448 1
 0.68404 1
 0.69288 1
 0.69181 1
 0.68733 1
 0.69514 1
 0.70380 1
 0.68721 1
 0.67266 1
 0.68123 1
 0.68594 1
 0.68305 1
 0.67979 1
 0.68854 1
 0.68348 1
 0.66472 1
 0.66751 1
 0.65276 1
 0.65997 1
 0.66524 1
 0.67025 1
 0.65995 1
 0.67072 1
 0.66072 1
 0.67416 1
 0.66014 1
 0.67248 1
 0.66467 1
 0.66142 1
 0.66544 1
 0.66914 1
 0.65801 1
 0.65609 1
 0.66887 1
 0.66257 1
 0.65774 1
 0.66747 1
 0.68879 1
 0.67916 1
 0.68789 1
 0.68736 1
 0.70476 1
 0.70247 1
 0.69607 1
 0.70024 1
 0.69208 1
 0.71764 1
 0.70016 1
 0.69684 1
 0.69618 1
 0.68839 1
 0.70464 1
 0.68720 1
 0.68437 1
 0.68647 1
 0.67130 1
 0.67768 1
 0.67747 1
 0.66994 1
 0.67113 1
 0.68845 1
 0.69766 1
 0.70041 1
 0.69964 1
 0.68745 1
 0.68820 1
 0.70130 1
 0.70722 1
 0.71253 1
 0.70168 1
 0.69683 1
 0.69602 1
 0.68982 1
 0.69623 1
 0.69188 1
 0.68882 1
 0.68560 1
 0.69053 1
 0.68559 1
 0.67352 1
 0.66940 1
 0.67358 1
 0.68191 1
 0.66798 1
 0.66200 1
 0.67208 1
 0.67998 1
 0.69159 1
 0.69039 1
 0.68845 1
 0.69392 1
 0.68811 1
 0.68990 1
 0.68185 1
 0.67851 1
 0.68624 1
 0.68675 1
 0.71033 1
 0.71102 1
 0.70708 1
 0.70588 1
 0.70500 1
 0.70967 1
 0.72223 1
 0.72880 1
 0.74059 1
 0.77068 1
 0.76782 1
 0.77495 1
 0.77884 1
 0.77785 1
 0.79299 1
 0.79292 1
 0.79012 1
 0.79012 1
 0.78477 1
 0.78363 1
 0.76667 1
 0.76500 1
 0.75014 1
 0.73903 1
 0.74471 1
 0.74956 1
 0.74939 1
 0.74928 1
 0.73782 1
 0.73059 1
 0.72247 1
 0.71029 1
 0.71792 1
 0.71472 1
 0.72553 1
 0.73903 1
 0.74054 1
 0.75536 1
 0.76253 1
 0.76305 1
 0.74744 1
 0.75504 1
 0.76263 1
 0.76951 1
 0.77646 1
 0.77836 1
 0.78319 1
 0.77870 1
 0.77811 1
 0.76474 1
 0.75735 1
 0.75832 1
 0.75097 1
 0.75235 1
 0.75426 1
 0.75330 1
 0.76083 1
 0.73586 1
 0.74972 1
 0.78256 1
 0.77920 1
 0.76872 1
 0.76845 1
 0.76411 1
 0.76164 1
 0.76886 1
 0.75660 1
 0.76514 1
 0.77335 1
 0.77126 1
 0.74908 1
 0.74995 1
 0.73951 1
 0.73279 1
 0.72446 1
 0.73209 1
 0.74424 1
 0.74768 1
 0.74085 1
 0.75999 1
 0.78450 1
 0.77298 1
 0.76984 1
 0.76931 1
 0.76467 1
 0.75508 1
 0.75217 1
 0.76672 1
 0.76336 1
 0.76084 1
 0.76160 1
 0.75665 1
 0.76498 1
 0.76454 1
 0.75317 1
 0.75946 1
 0.76909 1
 0.77039 1
 0.76761 1
 0.75475 1
 0.76013 1
 0.74956 1
 0.74034 1
 0.74221 1
 0.72962 1
 0.71910 1
 0.72320 1
 0.72026 1
 0.69466 1
 0.68925 1
 0.68852 1
 0.69002 1
 0.68413 1
 0.67778 1
 0.66347 1
 0.66673 1
 0.67214 1
 0.66652 1
 0.66310 1
 0.66268 1
 0.66673 1
 0.68314 1
 0.68383 1
 0.68050 1
 0.67641 1
 0.68018 1
 0.66445 1
 0.66636 1
 0.65845 1
 0.65570 1
 0.67216 1
 0.67056 1
 0.66932 1
 0.66640 1
 0.66069 1
 0.64918 1
 0.65467 1
 0.64294 1
 0.64524 1
 0.65327 1
 0.63978 1
 0.64685 1
 0.64230 1
 0.63992 1
 0.63605 1
 0.64298 1
 0.64927 1
 0.64942 1
 0.64392 1
 0.65202 1
 0.66151 1
 0.65594 1
 0.66621 1
 0.67746 1
 0.68623 1
 0.69805 1
 0.72265 1
 0.73172 1
 0.75429 1
 0.73927 1
 0.74490 1
 0.73233 1
 0.72577 1
 0.72851 1
 0.74150 1
 0.75137 1
 0.76957 1
 0.76750 1
 0.77387 1
 0.77315 1
 0.75426 1
 0.75835 1
 0.77942 1
 0.78483 1
 0.78702 1
 0.78555 1
 0.78656 1
 0.78438 1
 0.78701 1
 0.80410 1
 0.81082 1
 0.81883 1
 0.82013 1
 0.82599 1
 0.83643 1
 0.84862 1
 0.85443 1
 0.86112 1
 0.86548 1
 0.87698 1
 0.88719 1
 0.88517 1
 0.87546 1
 0.89121 1
 0.88048 1
 0.87693 1
 0.87650 1
 0.88820 1
 0.88048 1
 0.88048 1
 0.88998 1
 0.89401 1
 0.90992 1
 0.92747 1
 0.92296 1
 0.91373 1
 0.92131 1
 0.92038 1
 0.90159 1
 0.91673 1
 0.92262 1
 0.92541 1
 0.93613 1
 0.90817 1
 0.90667 1
 0.91146 1
 0.92675 1
 0.94493 1
 0.97199 1
 0.96004 1
 0.95728 1
 0.94803 1
 0.94571 1
 0.94319 1
 0.94115 1
 0.94079 1
 0.95348 1
 0.96052 1
 0.95982 1
 0.95255 1
 0.94307 1
 0.94097 1
 0.93869 1
 0.93175 1
 0.91267 1
 0.91751 1
 0.91806 1
 0.90550 1
 0.89733 1
 0.89533 1
 0.90435 1
 0.90108 1
 0.90876 1
 0.91566 1
 0.89514 1
 0.89339 1
 0.90363 1
 0.88978 1
 0.89642 1
 0.89875 1
 0.87884 1
 0.88359 1
 0.87989 1
 0.89038 1
 0.92359 1
 0.91197 1
 0.92910 1
 0.92182 1
 0.91572 1
 0.91051 1
 0.92786 1
 0.92946 1
 0.94304 1
 0.95685 1
 0.96464 1
 0.96553 1
 0.97307 1
 0.96164 1
 0.95409 1
 0.94405 1
 0.94043 1
 0.94372 1
 0.94159 1
 0.94238 1
 0.92698 1
 0.92932 1
 0.91936 1
 0.92811 1
 0.92566 1
 0.91964 1
 0.92711 1
 0.92517 1
 0.91492 1
 0.91254 1
 0.91440 1
 0.92269 1
 0.92652 1
 0.91571 1
 0.91044 1
 0.88883 1
 0.87832 1
 0.89014 1
 0.89325 1
 0.90464 1
 0.91182 1
 0.90277 1
 0.92760 1
 0.91555 1
 0.92769 1
 0.92517 1
 0.92750 1
 0.92910 1
 0.92708 1
 0.92613 1
 0.92086 1
 0.91470 1
 0.90849 1
 0.91167 1
 0.92579 1
 0.92951 1
 0.91443 1
 0.89515 1
 0.88947 1
 0.89106 1
 0.88161 1
 0.87058 1
 0.86562 1
 0.86644 1
 0.88168 1
 0.87883 1
 0.88140 1
 0.89294 1
 0.88552 1
 0.88801 1
 0.86720 1
 0.85792 1
 0.85062 1
 0.84695 1
 0.84063 1
 0.83928 1
 0.85179 1
 0.84761 1
 0.86149 1
 0.87835 1
 0.86643 1
 0.85457 1
 0.84256 1
 0.84330 1
 0.83353 1
 0.83668 1
 0.83259 1
 0.83142 1
 0.83471 1
 0.81883 1
 0.82079 1
 0.81618 1
 0.81789 1
 0.81714 1
 0.79997 1
 0.79168 1
 0.78441 1
 0.78501 1
 0.79498 1
 0.81210 1
 0.80052 1
 0.78927 1
 0.77842 1
 0.79377 1
 0.79320 1
 0.79673 1
 0.79884 1
 0.79871 1
 0.80139 1
 0.80093 1
 0.79150 1
 0.79348 1
 0.79066 1
 0.79176 1
 0.78598 1
 0.78094 1
 0.77388 1
 0.77395 1
 0.78426 1
 0.79915 1
 0.79331 1
 0.79074 1
 0.79187 1
 0.78359 1
 0.79201 1
 0.79570 1
 0.79318 1
 0.80357 1
 0.79034 1
 0.78368 1
 0.78614 1
 0.79887 1
 0.78952 1
 0.79200 1
 0.79341 1
 0.79286 1
 0.78825 1
 0.78206 1
 0.76981 1
 0.75426 1
 0.76483 1
 0.75897 1
 0.77135 1
 0.76690 1
 0.76203 1
 0.76826 1
 0.76531 1
 0.74992 1
 0.76350 1
 0.75451 1
 0.75437 1
 0.74648 1
 0.73059 1
 0.72877 1
 0.74239 1
 0.73676 1
 0.73043 1
 0.72418 1
 0.72643 1
 0.72513 1
 0.70529 1
 0.71770 1
 0.70503 1
 0.71536 1
 0.68377 1
 0.69006 1
 0.68163 1
 0.70794 1
 0.69831 1
 0.70655 1
 0.70932 1
 0.70949 1
 0.69857 1
 0.70886 1
 0.69947 1
 0.68149 1
 0.67603 1
 0.67466 1
 0.68040 1
 0.67531 1
 0.66806 1
 0.66555 1
 0.65612 1
 0.66702 1
 0.65588 1
 0.63595 1
 0.61787 1
 0.60740 1
 0.60081 1
 0.61005 1
 0.61421 1
 0.60644 1
 0.58694 1
 0.59765 1
 0.60714 1
 0.59615 1
 0.58891 1
 0.58830 1
 0.58020 1
 0.60413 1
 0.60212 1
 0.61114 1
 0.59839 1
 0.59276 1
 0.57070 1
 0.55863 1
 0.54669 1
 0.54148 1
 0.55627 1
 0.55335 1
 0.55417 1
 0.54201 1
 0.55131 1
 0.55839 1
 0.56265 1
 0.58001 1
 0.57857 1
 0.57237 1
 0.57189 1
 0.56951 1
 0.57432 1
 0.57615 1
 0.58556 1
 0.58737 1
 0.57552 1
 0.59033 1
 0.59728 1
 0.59614 1
 0.60470 1
 0.60455 1
 0.60005 1
 0.59739 1
 0.62637 1
 0.60625 1
 0.59340 1
 0.58255 1
 0.57643 1
 0.57553 1
 0.56936 1
 0.58701 1
 0.59399 1
 0.59875 1
 0.59330 1
 0.59268 1
 0.60351 1
 0.61717 1
 0.61356 1
 0.63024 1
 0.62185 1
 0.62222 1
 0.61401 1
 0.61712 1
 0.61588 1
 0.61266 1
 0.63285 1
 0.64067 1
 0.63370 1
 0.62766 1
 0.62644 1
 0.61887 1
 0.61906 1
 0.62090 1
 0.61712 1
 0.61797 1
 0.61704 1
 0.62403 1
 0.64005 1
 0.64937 1
 0.64331 1
 0.63567 1
 0.63823 1
 0.62849 1
 0.62547 1
 0.64052 1
 0.65096 1
 0.65462 1
 0.64628 1
 0.66299 1
 0.66462 1
 0.65691 1
 0.64520 1
 0.64533 1
 0.66173 1
 0.66329 1
 0.67240 1
 0.68101 1
 0.66940 1
 0.67198 1
 0.66630 1
 0.67416 1
 0.67090 1
 0.68952 1
 0.68988 1
 0.70019 1
 0.70658 1
 0.70672 1
 0.70672 0
 0.71516 1
 0.72728 1
 0.71324 1
 0.71425 1
 0.70551 1
 0.71210 1
 0.70862 1
 0.70208 1
 0.70487 1
 0.69738 1
 0.67774 1
 0.69253 1
 0.69511 1
 0.68605 1
 0.68796 1
 0.68862 1
 0.67912 1
 0.66501 1
 0.67039 1
 0.66449 1
 0.64902 1
 0.66286 1
 0.66015 1
 0.65944 1
 0.65624 1
 0.65128 1
 0.64548 1
 0.63889 1
 0.63659 1
 0.63862 1
 0.65981 1
 0.65075 1
 0.65492 1
 0.65984 1
 0.65114 1
 0.65440 1
 0.64894 1
 0.64686 1
 0.63322 1
 0.63580 1
 0.64250 1
 0.64070 1
 0.62884 1
 0.63311 1
 0.64147 1
 0.63512 1
 0.65985 1
 0.66595 1
 0.67119 1
 0.67266 1
 0.67526 1
 0.66578 1
 0.67664 1
 0.68525 1
 0.69094 1
 0.69033 1
 0.68994 1
 0.68633 1
 0.68056 1
 0.68008 1
 0.68167 1
 0.67505 1
 0.68168 1
 0.68988 1
 0.70201 1
 0.70372 1
 0.70951 1
 0.72737 1
 0.74488 1
 0.75310 1
 0.74656 1
 0.74731 1
 0.75388 1
 0.76144 1
 0.78001 1
 0.76899 1
 0.76278 1
 0.76037 1
 0.76413 1
 0.74167 1
 0.73023 1
 0.73446 1
 0.73935 1
 0.73901 1
 0.72815 1
 0.73282 1
 0.73355 1
 0.75249 1
 0.74362 1
 0.75211 1
 0.74581 1
 0.74874 1
 0.74900 1
 0.76834 1
 0.75884 1
 0.76098 1
 0.76694 1
 0.76875 1
 0.77255 1
 0.77349 1
 0.77523 1
 0.77595 1
 0.77410 1
 0.76999 1
 0.75405 1
 0.77100 1
 0.77031 1
 0.78825 1
 0.80533 1
 0.80595 1
 0.78992 1
 0.79361 1
 0.78223 1
 0.77825 1
 0.78900 1
 0.78145 1
 0.79015 1
 0.76143 1
 0.77231 1
 0.78492 1
 0.77382 1
 0.76638 1
 0.76934 1
 0.77860 1
 0.77074 1
 0.76854 1
 0.75900 1
 0.75731 1
 0.74191 1
 0.75562 1
 0.76225 1
 0.77639 1
 0.77134 1
 0.79188 1
 0.80238 1
 0.79553 1
 0.80381 1
 0.80657 1
 0.79661 1
 0.81293 1
 0.79571 1
 0.80797 1
 0.81464 1
 0.81806 1
 0.81314 1
 0.82218 1
 0.80660 1
 0.81085 1
 0.80569 1
 0.81251 1
 0.79240 1
 0.78608 1
 0.79052 1
 0.77984 1
 0.78412 1
 0.80234 1
 0.79535 1
 0.81266 1
 0.81247 1
 0.81436 1
 0.81859 1
 0.81832 1
 0.82579 1
 0.83127 1
 0.83906 1
 0.84014 1
 0.83029 1
 0.83508 1
 0.82595 1
 0.83085 1
 0.82665 1
 0.83537 1
 0.82862 1
 0.81546 1
 0.82383 1
 0.82398 1
 0.82094 1
 0.81162 1
 0.82462 1
 0.83253 1
 0.84536 1
 0.83555 1
 0.83921 1
 0.83758 1
 0.83937 1
 0.83683 1
 0.84712 1
 0.85396 1
 0.86110 1
 0.86852 1
 0.87295 1
 0.87120 1
 0.86606 1
 0.86934 1
 0.87491 1
 0.89008 1
 0.86365 1
 0.85226 1
 0.87371 1
 0.89967 1
 0.90164 1
 0.90592 1
 0.90647 1
 0.91657 1
 0.91934 1
 0.90948 1
 0.90890 1
 0.90735 1
 0.89546 1
 0.88062 1
 0.89086 1
 0.88710 1
 0.89563 1
 0.88995 1
 0.87719 1
 0.88446 1
 0.88729 1
 0.89623 1
 0.88808 1
 0.88789 1
 0.89676 1
 0.90005 1
 0.90757 1
 0.89764 1
 0.90493 1
 0.91840 1
 0.93037 1
 0.93801 1
 0.93438 1
 0.93096 1
 0.92638 1
 0.93344 1
 0.95227 1
 0.94701 1
 0.94635 1
 0.94706 1
 0.96604 1
 0.97357 1
 0.97257 1
 0.97746 1
 0.97968 1
 0.96658 1
 0.95403 1
 0.97070 1
 0.96660 1
 0.96372 1
 0.96755 1
 0.98561 1
 0.99449 1
 1.00052 1
 1.01305 1
 1.00291 1
 1.00212 1
 1.00535 1
 1.00682 1
 1.00968 1
 1.00190 1
 1.00231 1
 1.02492 1
 1.03000 1
 1.04164 1
 1.05666 1
 1.06769 1
 1.05601 1
 1.08161 1
 1.07984 1
 1.08419 1
 1.08702 1
 1.09535 1
 1.07469 1
 1.06627 1
 1.08045 1
 1.08080 1
 1.09267 1
 1.09281 1
 1.08385 1
 1.07816 1
 1.07920 1
 1.07814 1
 1.08286 1
 1.08674 1
 1.07533 1
 1.06680 1
 1.05955 1
 1.05978 1
 1.06536 1
 1.05934 1
 1.05868 1
 1.07057 1
 1.07332 1
 1.08409 1
 1.08790 1
 1.08772 1
 1.10661 1
 1.10993 1
 1.10770 1
 1.10284 1
 1.08838 1
 1.09642 1
 1.09559 1
 1.10568 1
 1.12226 1
 1.12716 1
 1.12246 1
 1.10289 1
 1.10244 1
 1.10621 1
 1.08886 1
 1.10008 1
 1.10657 1
 1.11657 1
 1.10822 1
 1.09810 1
 1.11198 1
 1.12017 1
 1.12112 1
 1.12874 1
 1.12110 1
 1.12541 1
 1.11995 1
 1.13738 1
 1.13124 1
 1.12725 1
 1.14411 1
 1.15155 1
 1.15662 1
 1.16783 1
 1.17991 1
 1.18671 1
 1.17240 1
 1.17247 1
 1.17426 1
 1.16086 1
 1.16145 1
 1.15474 1
 1.16488 1
 1.16016 1
 1.17588 1
 1.18001 1
 1.18526 1
 1.18273 1
 1.19012 1
 1.20000 1
 1.21984 1
 1.20673 1
 1.22022 1
 1.21629 1
 1.20749 1
 1.19668 1
 1.19031 1
 1.21064 1
 1.20411 1
 1.20708 1
 1.20696 1
 1.21460 1
 1.21838 1
 1.22418 1
 1.23231 1
 1.23082 1
 1.25252 1
 1.25728 1
 1.25539 1
 1.24848 1
 1.24532 1
 1.24539 1
 1.24515 1
 1.24010 1
 1.25265 1
 1.25636 1
 1.26779 1
 1.26946 1
 1.26306 1
 1.26673 1
 1.25962 1
 1.26781 1
 1.27054 1
 1.26988 1
 1.27687 1
 1.28687 1
 1.28679 1
 1.27665 1
 1.26859 1
 1.26510 1
 1.26980 1
 1.26435 1
 1.27538 1
 1.27538 1
 1.25996 1
 1.26033 1
 1.24545 1
 1.23494 1
 1.22107 1
 1.23290 1
 1.22933 1
 1.23064 1
 1.22678 1
 1.23429 1
 1.23360 1
 1.22394 1
 1.22626 1
 1.21735 1
 1.21597 1
 1.21611 1
 1.21677 1
 1.21737 1
 1.21565 1
 1.22227 1
 1.21211 1
 1.22530 1
 1.23755 1
 1.23560 1
 1.24708 1
 1.23911 1
 1.24415 1
 1.22365 1
 1.19941 1
 1.19759 1
 1.19237 1
 1.20727 1
 1.20240 1
 1.18726 1
 1.18505 1
 1.18334 1
 1.17529 1
 1.16792 1
 1.15101 1
 1.16817 1
 1.15503 1
 1.15450 1
 1.15585 1
 1.15923 1
 1.14817 1
 1.16222 1
 1.18154 1
 1.19219 1
 1.21213 1
 1.21238 1
 1.21798 1
 1.19946 1
 1.19672 1
 1.21540 1
 1.19938 1
 1.19433 1
 1.18949 1
 1.18613 1
 1.19101 1
 1.19065 1
 1.18111 1
 1.17687 1
 1.17685 1
 1.16957 1
 1.16631 1
 1.15897 1
 1.15599 1
 1.16161 1
 1.17311 1
 1.16704 1
 1.17360 1
 1.17984 1
 1.19963 1
 1.20580 1
 1.19692 1
 1.20012 1
 1.20619 1
 1.20150 1
 1.20437 1
 1.19498 1
 1.18918 1
 1.16493 1
 1.17055 1
 1.17434 1
 1.17049 1
 1.16717 1
 1.17532 1
 1.18351 1
 1.17428 1
 1.16655 1
 1.15622 1
 1.15658 1
 1.15462 1
 1.18483 1
 1.18429 1
 1.17383 1
 1.16647 1
 1.16865 1
 1.18682 1
 1.18034 1
 1.18461 1
 1.20602 1
 1.19315 1
 1.21197 1
 1.21560 1
 1.21378 1
 1.21634 1
 1.19297 1
 1.20894 1
 1.22215 1
 1.23053 1
 1.22774 1
 1.21773 1
 1.21861 1
 1.21748 1
 1.21562 1
 1.20126 1
 1.21762 1
 1.22967 1
 1.23604 1
 1.20960 1
 1.17714 1
 1.18391 1
 1.17712 1
 1.17320 1
 1.16695 1
 1.16761 1
 1.17352 1
 1.17024 1
 1.17617 1
 1.17515 1
 1.18541 1
 1.16661 1
 1.18312 1
 1.17470 1
 1.17119 1
 1.16257 1
 1.15755 1
 1.16673 1
 1.14734 1
 1.15258 1
 1.14958 1
 1.15496 1
 1.15866 1
 1.16862 1
 1.19065 1
 1.20254 1
 1.19744 1
 1.21285 1
 1.21134 1
 1.21733 1
 1.20429 1
 1.19466 1
 1.19319 1
 1.20636 1
 1.21118 1
 1.21247 1
 1.21452 1
 1.18575 1
 1.20267 1
 1.20482 1
 1.20962 1
 1.20108 1
 1.18071 1
 1.17720 1
 1.17823 1
 1.17695 1
 1.18216 1
 1.18437 1
 1.18868 1
 1.19649 1
 1.18553 1
 1.17057 1
 1.17754 1
 1.17357 1
 1.18782 1
 1.18852 1
 1.19219 1
 1.18881 1
 1.19462 1
 1.16486 1
 1.15355 1
 1.16111 1
 1.17869 1
 1.19439 1
 1.19839 1
 1.19518 1
 1.20172 1
 1.20789 1
 1.20766 1
 1.20606 1
 1.22205 1
 1.21779 1
 1.22330 1
 1.23221 1
 1.21189 1
 1.20857 1
 1.20162 1
 1.20190 1
 1.20284 1
 1.20608 1
 1.22624 1
 1.21516 1
 1.23143 1
 1.22319 1
 1.20219 1
 1.19609 1
 1.19234 1
 1.18408 1
 1.17692 1
 1.19009 1
 1.19515 1
 1.19873 1
 1.18425 1
 1.16549 1
 1.17119 1
 1.17792 1
 1.17352 1
 1.16569 1
 1.17519 1
 1.17534 1
 1.17419 1
 1.17547 1
 1.16371 1
 1.14971 1
 1.14017 1
 1.15771 1
 1.15344 1
 1.15547 1
 1.15480 1
 1.14985 1
 1.12590 1
 1.11163 1
 1.13669 1
 1.11422 1
 1.11257 1
 1.11688 1
 1.10518 1
 1.10779 1
 1.11776 1
 1.12242 1
 1.13953 1
 1.14052 1
 1.14665 1
 1.15241 1
 1.16315 1
 1.15932 1
 1.16973 1
 1.15287 1
 1.16167 1
 1.15054 1
 1.16183 1
 1.16631 1
 1.16031 1
 1.15912 1
 1.14798 1
 1.14923 1
 1.15280 1
 1.15343 1
 1.14932 1
 1.13672 1
 1.13257 1
 1.13042 1
 1.13926 1
 1.11384 1
 1.11030 1
 1.10130 1
 1.10730 1
 1.12282 1
 1.11764 1
 1.11238 1
 1.12703 1
 1.12906 1
 1.11641 1
 1.12852 1
 1.12597 1
 1.12010 1
 1.12330 1
 1.10967 1
 1.11295 1
 1.10369 1
 1.09918 1
 1.08518 1
 1.09525 1
 1.10824 1
 1.12041 1
 1.09393 1
 1.09746 1
 1.09336 1
 1.08106 1
 1.08237 1
 1.08136 1
 1.06647 1
 1.06265 1
 1.06193 1
 1.06528 1
 1.06301 1
 1.06499 1
 1.06776 1
 1.06189 1
 1.07302 1
 1.07302 1
 1.07588 1
 1.06900 1
 1.07049 1
 1.08414 1
 1.08581 1
 1.06678 1
 1.07739 1
 1.08225 1
 1.08284 1
 1.09178 1
 1.09500 1
 1.09770 1
 1.10562 1
 1.09889 1
 1.09806 1
 1.09161 1
 1.10175 1
 1.08934 1
 1.10509 1
 1.10457 1
 1.08674 1
 1.11001 1
 1.07753 1
 1.07368 1
 1.06679 1
 1.06473 1
 1.07140 1
 1.08118 1
 1.06292 1
 1.05296 1
 1.05668 1
 1.06649 1
 1.07656 1
 1.09259 1
 1.08144 1
 1.08840 1
 1.07386 1
 1.06908 1
 1.07301 1
 1.07057 1
 1.07235 1
 1.05684 1
 1.07371 1
 1.05619 1
 1.05821 1
 1.05764 1
 1.05478 1
 1.06351 1
 1.08028 1
 1.07196 1
 1.08893 1
 1.07973 1
 1.07929 1
 1.08056 1
 1.07447 1
 1.06941 1
 1.07406 1
 1.09340 1
 1.10226 1
 1.11112 1
 1.11026 1
 1.12185 1
 1.12507 1
 1.11734 1
 1.10744 1
 1.10253 1
 1.11224 1
 1.12026 1
 1.11903 1
 1.13525 1
 1.13969 1
 1.14269 1
 1.14037 1
 1.13453 1
 1.12453 1
 1.12865 1
 1.12975 1
 1.13237 1
 1.12629 1
 1.13701 1
 1.15535 1
 1.15896 1
 1.16024 1
 1.15996 1
 1.16313 1
 1.17296 1
 1.19307 1
 1.18529 1
 1.18224 1
 1.20022 1
 1.21753 1
 1.23448 1
 1.23675 1
 1.25702 1
 1.24271 1
 1.25676 1
 1.24873 1
 1.26502 1
 1.26176 1
 1.27495 1
 1.27723 1
 1.28016 1
 1.27423 1
 1.27775 1
 1.28538 1
 1.28212 1
 1.27921 1
 1.27618 1
 1.28369 1
 1.28059 1
 1.26811 1
 1.25897 1
 1.24072 1
 1.24466 1
 1.24703 1
 1.23441 1
 1.23879 1
 1.22376 1
 1.22436 1
 1.21636 1
 1.21555 1
 1.21841 1
 1.20687 1
 1.20879 1
 1.21164 1
 1.22426 1
 1.22202 1
 1.21692 1
 1.20619 1
 1.21290 1
 1.22522 1
 1.22933 1
 1.23413 1
 1.23454 1
 1.21395 1
 1.21847 1
 1.23772 1
 1.22555 1
 1.20460 1
 1.20772 1
 1.21781 1
 1.21703 1
 1.22012 1
 1.21758 1
 1.21486 1
 1.20210 1
 1.21118 1
 1.21122 1
 1.20974 1
 1.21045 1
 1.19411 1
 1.19381 1
 1.19006 1
 1.17409 1
 1.16925 1
 1.17934 1
 1.19970 1
 1.18924 1
 1.17384 1
 1.17544 1
 1.18122 1
 1.18287 1
 1.18859 1
 1.19819 1
 1.21005 1
 1.22982 1
 1.23289 1
 1.24643 1
 1.24825 1
 1.25579 1
 1.26404 1
 1.27012 1
 1.27727 1
 1.25324 1
 1.27068 1
 1.27018 1
 1.28386 1
 1.26927 1
 1.25615 1
 1.26731 1
 1.27267 1
 1.25228 1
 1.23622 1
 1.23324 1
 1.22396 1
 1.22056 1
 1.22003 1
 1.22039 1
 1.21610 1
 1.20869 1
 1.22978 1
 1.23082 1
 1.23125 1
 1.22189 1
 1.23070 1
 1.23550 1
 1.24589 1
 1.25388 1
 1.25810 1
 1.24679 1
 1.24324 1
 1.24132 1
 1.23070 1
 1.23424 1
 1.26091 1
 1.26262 1
 1.25291 1
 1.25545 1
 1.25870 1
 1.27174 1
 1.27774 1
 1.29242 1
 1.30232 1
 1.30646 1
 1.31232 1
 1.30783 1
 1.30199 1
 1.30304 1
 1.28941 1
 1.28162 1
 1.29236 1
 1.30829 1
 1.32374 1
 1.32574 1
 1.32133 1
 1.32251 1
 1.33002 1
 1.32836 1
 1.33309 1
 1.32734 1
 1.34642 1
 1.33832 1
 1.32538 1
 1.31924 1
 1.32376 1
 1.33625 1
 1.33609 1
 1.33135 1
 1.33933 1
 1.32725 1
 1.34017 1
 1.34159 1
 1.35680 1
 1.34753 1
 1.35426 1
 1.34847 1
 1.35793 1
 1.35718 1
 1.35607 1
 1.35645 1
 1.37496 1
 1.36805 1
 1.35406 1
 1.35164 1
 1.35444 1
 1.35100 1
 1.36480 1
 1.36817 1
 1.36926 1
 1.37295 1
 1.36946 1
 1.36967 1
 1.35467 1
 1.35537 1
 1.33546 1
 1.34210 1
 1.35415 1
 1.35024 1
 1.36177 1
 1.37809 1
 1.35218 1
 1.34477 1
 1.33294 1
 1.33530 1
 1.34125 1
 1.33661 1
 1.32997 1
 1.33274 1
 1.36229 1
 1.35951 1
 1.35279 1
 1.37142 1
 1.39020 1
 1.38257 1
 1.37714 1
 1.37913 1
 1.39160 1
 1.38093 1
 1.39928 1
 1.39326 1
 1.41407 1
 1.40997 1
 1.42847 1
 1.41709 1
 1.40093 1
 1.39291 1
 1.39582 1
 1.40340 1
 1.38935 1
 1.40196 1
 1.39125 1
 1.39920 1
 1.39563 1
 1.39606 1
 1.39493 1
 1.40938 1
 1.40033 1
 1.40537 1
 1.40330 1
 1.40195 1
 1.39256 1
 1.39935 1
 1.39923 1
 1.38135 1
 1.40539 1
 1.41305 1
 1.41296 1
 1.40976 1
 1.40259 1
 1.40146 1
 1.39680 1
 1.39590 1
 1.39405 1
 1.38932 1
 1.40156 1
 1.38153 1
 1.38412 1
 1.37881 1
 1.37798 1
 1.39678 1
 1.40276 1
 1.39229 1
 1.39078 1
 1.38050 1
 1.39354 1
 1.40852 1
 1.41111 1
 1.40055 1
 1.38301 1
 1.39031 1
 1.39424 1
 1.40096 1
 1.39442 1
 1.39715 1
 1.38701 1
 1.38641 1
 1.38274 1
 1.38591 1
 1.39462 1
 1.38238 1
 1.38648 1
 1.38250 1
 1.39058 1
 1.41217 1
 1.40398 1
 1.41533 1
 1.42422 1
 1.40846 1
 1.41905 1
 1.41657 1
 1.41997 1
 1.42398 1
 1.42074 1
 1.42288 1
 1.42388 1
 1.40711 1
 1.39979 1
 1.41583 1
 1.42373 1
 1.43078 1
 1.42788 1
 1.43577 1
 1.42161 1
 1.41200 1
 1.39901 1
 1.38868 1
 1.37841 1
 1.36197 1
 1.35057 1
 1.35130 1
 1.35114 1
 1.35449 1
 1.34170 1
 1.33439 1
 1.32915 1
 1.34511 1
 1.33267 1
 1.33489 1
 1.33010 1
 1.33563 1
 1.33021 1
 1.33102 1
 1.32398 1
 1.31471 1
 1.29833 1
 1.30694 1
 1.31972 1
 1.32370 1
 1.32832 1
 1.31364 1
 1.31639 1
 1.31924 1
 1.32798 1
 1.33209 1
 1.33392 1
 1.34063 1
 1.34259 1
 1.34286 1
 1.33743 1
 1.36092 1
 1.35167 1
 1.35632 1
 1.34735 1
 1.33492 1
 1.32566 1
 1.32340 1
 1.32217 1
 1.31735 1
 1.31338 1
 1.32187 1
 1.31638 1
 1.29981 1
 1.30747 1
 1.31605 1
 1.32877 1
 1.32618 1
 1.32883 1
 1.32972 1
 1.34444 1
 1.34785 1
 1.35768 1
 1.36211 1
 1.36271 1
 1.35676 1
 1.36770 1
 1.36085 1
 1.36036 1
 1.36788 1
 1.38630 1
 1.39491 1
 1.40759 1
 1.40600 1
 1.41571 1
 1.41200 1
 1.41522 1
 1.39439 1
 1.39427 1
 1.39129 1
 1.39627 1
 1.40464 1
 1.41611 1
 1.42279 1
 1.41828 1
 1.43217 1
 1.43784 1
 1.42769 1
 1.44751 1
 1.44759 1
 1.43860 1
 1.45616 1
 1.45307 1
 1.46995 1
 1.48191 1
 1.48147 1
 1.48431 1
 1.47923 1
 1.45434 1
 1.44202 1
 1.44333 1
 1.43915 1
 1.44240 1
 1.44088 1
 1.43265 1
 1.42820 1
 1.42676 1
 1.42727 1
 1.41160 1
 1.41338 1
 1.41292 1
 1.42681 1
 1.43979 1
 1.44496 1
 1.42372 1
 1.40539 1
 1.40806 1
 1.41910 1
 1.40021 1
 1.39103 1
 1.40318 1
 1.39927 1
 1.42403 1
 1.44126 1
 1.43914 1
 1.44021 1
 1.42243 1
 1.42729 1
 1.41133 1
 1.39357 1
 1.38701 1
 1.39332 1
 1.39216 1
 1.39131 1
 1.39800 1
 1.40823 1
 1.40439 1
 1.39522 1
 1.39332 1
 1.40615 1
 1.41877 1
 1.42155 1
 1.42365 1
 1.45111 1
 1.44510 1
 1.44503 1
 1.43783 1
 1.42506 1
 1.42095 1
 1.40716 1
 1.41518 1
 1.42380 1
 1.43038 1
 1.44155 1
 1.45983 1
 1.45514 1
 1.44590 1
 1.44481 1
 1.44469 1
 1.44720 1
 1.44025 1
 1.44894 1
 1.46709 1
 1.45838 1
 1.44941 1
 1.43791 1
 1.44532 1
 1.42899 1
 1.43541 1
 1.44058 1
 1.43995 1
 1.44437 1
 1.44440 1
 1.45600 1
 1.46237 1
 1.46348 1
 1.47332 1
 1.46411 1
 1.46376 1
 1.46034 1
 1.45349 1
 1.44915 1
 1.45393 1
 1.44748 1
 1.44157 1
 1.43304 1
 1.44099 1
 1.45110 1
 1.44627 1
 1.43573 1
 1.43931 1
 1.44786 1
 1.44096 1
 1.43744 1
 1.43104 1
 1.43610 1
 1.45146 1
 1.44984 1
 1.46246 1
 1.45306 1
 1.43904 1
 1.44671 1
 1.44618 1
 1.45163 1
 1.44980 1
 1.43186 1
 1.43582 1
 1.43794 1
 1.43809 1
 1.44202 1
 1.43304 1
 1.44024 1
 1.43251 1
 1.42390 1
 1.43381 1
 1.43991 1
 1.42037 1
 1.41680 1
 1.42993 1
 1.42451 1
 1.42674 1
 1.42400 1
 1.40842 1
 1.40379 1
 1.41452 1
 1.42773 1
 1.43055 1
 1.43337 1
 1.44351 1
 1.43913 1
 1.43307 1
 1.42965 1
 1.42377 1
 1.41352 1
 1.41568 1
 1.42420 1
 1.42725 1
 1.44127 1
 1.44240 1
 1.43759 1
 1.45505 1
 1.45848 1
 1.45615 1
 1.46199 1
 1.47121 1
 1.46312 1
 1.46277 1
 1.46284 1
 1.45604 1
 1.46068 1
 1.44911 1
 1.44711 1
 1.45477 1
 1.46629 1
 1.46083 1
 1.48320 1
 1.48817 1
 1.49249 1
 1.49733 1
 1.49656 1
 1.49199 1
 1.48620 1
 1.49667 1
 1.48074 1
 1.46186 1
 1.45994 1
 1.45321 1
 1.45628 1
 1.45532 1
 1.46948 1
 1.44280 1
 1.44554 1
 1.45176 1
 1.46020 1
 1.47074 1
 1.48112 1
 1.45433 1
 1.45888 1
 1.47289 1
 1.46948 1
 1.44343 1
 1.45606 1
 1.45019 1
 1.45248 1
 1.43898 1
 1.43091 1
 1.43990 1
 1.43182 1
 1.43046 1
 1.44475 1
 1.44075 1
 1.44759 1
 1.45147 1
 1.44554 1
 1.45798 1
 1.46682 1
 1.47726 1
 1.46194 1
 1.46417 1
 1.46382 1
 1.45990 1
 1.44486 1
 1.44433 1
 1.43260 1
 1.44698 1
 1.45064 1
 1.44438 1
 1.44372 1
 1.43888 1
 1.43882 1
 1.43164 1
 1.42554 1
 1.44724 1
 1.46067 1
 1.45606 1
 1.46978 1
 1.46165 1
 1.45171 1
 1.44994 1
 1.46416 1
 1.46798 1
 1.45456 1
 1.47544 1
 1.49173 1
 1.50425 1
 1.50702 1
 1.51189 1
 1.51131 1
 1.52001 1
 1.50965 1
 1.49839 1
 1.51090 1
 1.49955 1
 1.48661 1
 1.48410 1
 1.48117 1
 1.47818 1
 1.47477 1
 1.46902 1
 1.45800 1
 1.46277 1
 1.45506 1
 1.45897 1
 1.46625 1
 1.46474 1
 1.46163 1
 1.45788 1
 1.46241 1
 1.46017 1
 1.45365 1
 1.46774 1
 1.47507 1
 1.45747 1
 1.47066 1
 1.47270 1
 1.49470 1
 1.48985 1
 1.50415 1
 1.50704 1
 1.51584 1
 1.50650 1
 1.50315 1
 1.50898 1
 1.52381 1
 1.51722 1
 1.51060 1
 1.51016 1
 1.49605 1
 1.50238 1
 1.49748 1
 1.49722 1
 1.47532 1
 1.48132 1
 1.47831 1
 1.47891 1
 1.47903 1
 1.48828 1
 1.49159 1
 1.48173 1
 1.49351 1
 1.48976 1
 1.48342 1
 1.46462 1
 1.46511 1
 1.46958 1
 1.46803 1
 1.45911 1
 1.45970 1
 1.46792 1
 1.46687 1
 1.47030 1
 1.46590 1
 1.45264 1
 1.44508 1
 1.45435 1
 1.43587 1
 1.43688 1
 1.43009 1
 1.44395 1
 1.44989 1
 1.45093 1
 1.44147 1
 1.44351 1
 1.46925 1
 1.46153 1
 1.47940 1
 1.49324 1
 1.48528 1
 1.46770 1
 1.46952 1
 1.47267 1
 1.45846 1
 1.45091 1
 1.45189 1
 1.45068 1
 1.46410 1
 1.46769 1
 1.47947 1
 1.47428 1
 1.47037 1
 1.45652 1
 1.46228 1
 1.44399 1
 1.45026 1
 1.45658 1
 1.46370 1
 1.45592 1
 1.45365 1
 1.44625 1
 1.44984 1
 1.44860 1
 1.44564 1
 1.43458 1
 1.43848 1
 1.44833 1
 1.44454 1
 1.45814 1
 1.44293 1
 1.45144 1
 1.45160 1
 1.45173 1
 1.44993 1
 1.43986 1
 1.43976 1
 1.43844 1
 1.41774 1
 1.41320 1
 1.39449 1
 1.39525 1
 1.40289 1
 1.39475 1
 1.39858 1
 1.38837 1
 1.38275 1
 1.36328 1
 1.33852 1
 1.34800 1
 1.35131 1
 1.33081 1
 1.33467 1
 1.33733 1
 1.32578 1
 1.32972 1
 1.30523 1
 1.31681 1
 1.31730 1
 1.31533 1
 1.30699 1
 1.32421 1
 1.33922 1
 1.34636 1
 1.33660 1
 1.33660 1
 1.33061 1
 1.35319 1
 1.37175 1
 1.36321 1
 1.36652 1
 1.37098 1
 1.36879 1
 1.36550 1
 1.36495 1
 1.36232 1
 1.37433 1
 1.37668 1
 1.37333 1
 1.36489 1
 1.37553 1
 1.38949 1
 1.38949 0
 1.39098 1
 1.38951 1
 1.38090 1
 1.36975 1
 1.35484 1
 1.33833 1
 1.34717 1
 1.36539 1
 1.35717 1
 1.35347 1
 1.36564 1
 1.35966 1
 1.35769 1
 1.36774 1
 1.37423 1
 1.37208 1
 1.38673 1
 1.39488 1
 1.39612 1
 1.40682 1
 1.40022 1
 1.42403 1
 1.44656 1
 1.43865 1
 1.44244 1
 1.42078 1
 1.43207 1
 1.42864 1
 1.42304 1
 1.42369 1
 1.41837 1
 1.41793 1
 1.43428 1
 1.42777 1
 1.42836 1
 1.43297 1
 1.42315 1
 1.42019 1
 1.42707 1
 1.41893 1
 1.42821 1
 1.42677 1
 1.42104 1
 1.43291 1
 1.43004 1
 1.43534 1
 1.42622 1
 1.41550 1
 1.41599 1
 1.41637 1
 1.43069 1
 1.42341 1
 1.43102 1
 1.42906 1
 1.42747 1
 1.41663 1
 1.43661 1
 1.43741 1
 1.42659 1
 1.42660 1
 1.43347 1
 1.41673 1
 1.40466 1
 1.39826 1
 1.40593 1
 1.38873 1
 1.38785 1
 1.37033 1
 1.37887 1
 1.37214 1
 1.36033 1
 1.35164 1
 1.36337 1
 1.36662 1
 1.36508 1
 1.37323 1
 1.36220 1
 1.36969 1
 1.38145 1
 1.37265 1
 1.37265 1
 1.35418 1
 1.34210 1
 1.35261 1
 1.34566 1
 1.35365 1
 1.35234 1
 1.34601 1
 1.33613 1
 1.33801 1
 1.32902 1
 1.34076 1
 1.33180 1
 1.32589 1
 1.33476 1
 1.33199 1
 1.32897 1
 1.31404 1
 1.30067 1
 1.27683 1
 1.28438 1
 1.27992 1
 1.27279 1
 1.26900 1
 1.25171 1
 1.25681 1
 1.24062 1
 1.23508 1
 1.22448 1
 1.23788 1
 1.24917 1
 1.24780 1
 1.24134 1
 1.24922 1
 1.25386 1
 1.25341 1
 1.26470 1
 1.25785 1
 1.26593 1
 1.28100 1
 1.28041 1
 1.27893 1
 1.28079 1
 1.28186 1
 1.28028 1
 1.28713 1
 1.28799 1
 1.27669 1
 1.27886 1
 1.29277 1
 1.28545 1
 1.29790 1
 1.29161 1
 1.29261 1
 1.30271 1
 1.29638 1
 1.29439 1
 1.30199 1
 1.29552 1
 1.27181 1
 1.27150 1
 1.27114 1
 1.27610 1
 1.25540 1
 1.25636 1
 1.24727 1
 1.22850 1
 1.23161 1
 1.22118 1
 1.20556 1
 1.19858 1
 1.18245 1
 1.18020 1
 1.19175 1
 1.18180 1
 1.17891 1
 1.17961 1
 1.15784 1
 1.14541 1
 1.14477 1
 1.14528 1
 1.14756 1
 1.14539 1
 1.13002 1
 1.12582 1
 1.12879 1
 1.13443 1
 1.14257 1
 1.14056 1
 1.13882 1
 1.11251 1
 1.09555 1
 1.08566 1
 1.10152 1
 1.10520 1
 1.09106 1
 1.08679 1
 1.07882 1
 1.08161 1
 1.08839 1
 1.07356 1
 1.08106 1
 1.09589 1
 1.10496 1
 1.10650 1
 1.10449 1
 1.09600 1
 1.10300 1
 1.10001 1
 1.09458 1
 1.08020 1
 1.08336 1
 1.07767 1
 1.06921 1
 1.06949 1
 1.05842 1
 1.04965 1
 1.04589 1
 1.03621 1
 1.03968 1
 1.03754 1
 1.04622 1
 1.05749 1
 1.04463 1
 1.04094 1
 1.04217 1
 1.04585 1
 1.02979 1
 1.04446 1
 1.03965 1
 1.03763 1
 1.03417 1
 1.03971 1
 1.03388 1
 1.02191 1
 1.02428 1
 1.02184 1
 1.02532 1
 1.02824 1
 1.03312 1
 1.02915 1
 1.01138 1
 1.00383 1
 0.98788 1
 0.97940 1
 0.97609 1
 0.96056 1
 0.95539 1
 0.95415 1
 0.93888 1
 0.93648 1
 0.94197 1
 0.94569 1
 0.94884 1
 0.96201 1
 0.96260 1
 0.95891 1
 0.95580 1
 0.93675 1
 0.93035 1
 0.93959 1
 0.95088 1
 0.95473 1
 0.95525 1
 0.96264 1
 0.97495 1
 0.98674 1
 0.96358 1
 0.96173 1
 0.96600 1
 0.95309 1
 0.94567 1
 0.93901 1
 0.94133 1
 0.93817 1
 0.94202 1
 0.92675 1
 0.91538 1
 0.91898 1
 0.93126 1
 0.93798 1
 0.94851 1
 0.94068 1
 0.93292 1
 0.93461 1
 0.95029 1
 0.95146 1
 0.94294 1
 0.95544 1
 0.95934 1
 0.97324 1
 0.96576 1
 0.95308 1
 0.95292 1
 0.95887 1
 0.95347 1
 0.95984 1
 0.95249 1
 0.95885 1
 0.94449 1
 0.95234 1
 0.94295 1
 0.94834 1
 0.96279 1
 0.93936 1
 0.93585 1
 0.95885 1
 0.97096 1
 0.95318 1
 0.94737 1
 0.94078 1
 0.93121 1
 0.91899 1
 0.89505 1
 0.89567 1
 0.89134 1
 0.90068 1
 0.90729 1
 0.90682 1
 0.91751 1
 0.91271 1
 0.91801 1
 0.91201 1
 0.90324 1
 0.90670 1
 0.91043 1
 0.90328 1
 0.92582 1
 0.90952 1
 0.91289 1
 0.89206 1
 0.88643 1
 0.87420 1
 0.88652 1
 0.88391 1
 0.89220 1
 0.90550 1
 0.90201 1
 0.89002 1
 0.89436 1
 0.91091 1
 0.89563 1
 0.88981 1
 0.89361 1
 0.88776 1
 0.89538 1
 0.89127 1
 0.88460 1
 0.88010 1
 0.87510 1
 0.87018 1
 0.89622 1
 0.90786 1
 0.91699 1
 0.91478 1
 0.92089 1
 0.93129 1
 0.92441 1
 0.91367 1
 0.91841 1
 0.90993 1
 0.90230 1
 0.90737 1
 0.90863 1
 0.90555 1
 0.90968 1
 0.91500 1
 0.92067 1
 0.92110 1
 0.91781 1
 0.91997 1
 0.93081 1
 0.93466 1
 0.93927 1
 0.95436 1
 0.94316 1
 0.94069 1
 0.93713 1
 0.94015 1
 0.95300 1
 0.93669 1
 0.91967 1
 0.92674 1
 0.92115 1
 0.91088 1
 0.90015 1
 0.89443 1
 0.89511 1
 0.89619 1
 0.88874 1
 0.89769 1
 0.89326 1
 0.88061 1
 0.87098 1
 0.87834 1
 0.87314 1
 0.87686 1
 0.87747 1
 0.87629 1
 0.87365 1
 0.88749 1
 0.86935 1
 0.88880 1
 0.89424 1
 0.90356 1
 0.90049 1
 0.90382 1
 0.90729 1
 0.90207 1
 0.90229 1
 0.90124 1
 0.90709 1
 0.90357 1
 0.89025 1
 0.88926 1
 0.91262 1
 0.91521 1
 0.92186 1
 0.92602 1
 0.93407 1
 0.94055 1
 0.94576 1
 0.95708 1
 0.95809 1
 0.95116 1
 0.95386 1
 0.95610 1
 0.93150 1
 0.93592 1
 0.93175 1
 0.90976 1
 0.90023 1
 0.90265 1
 0.89272 1
 0.88089 1
 0.88825 1
 0.88542 1
 0.86048 1
 0.87371 1
 0.87935 1
 0.88779 1
 0.87090 1
 0.85863 1
 0.85657 1
 0.85094 1
 0.86979 1
 0.85719 1
 0.84991 1
 0.86753 1
 0.88914 1
 0.89850 1
 0.89044 1
 0.90387 1
 0.89457 1
 0.89499 1
 0.89950 1
 0.88745 1
 0.88093 1
 0.88648 1
 0.88757 1
 0.88321 1
 0.87144 1
 0.87785 1
 0.88430 1
 0.88168 1
 0.86979 1
 0.86605 1
 0.87279 1
 0.88341 1
 0.89036 1
 0.89537 1
 0.90431 1
 0.90897 1
 0.88865 1
 0.87682 1
 0.87424 1
 0.87667 1
 0.88489 1
 0.88822 1
 0.89735 1
 0.90667 1
 0.91325 1
 0.91770 1
 0.91690 1
 0.90950 1
 0.89665 1
 0.88825 1
 0.88089 1
 0.87118 1
 0.85580 1
 0.84923 1
 0.84788 1
 0.83687 1
 0.83511 1
 0.84241 1
 0.84582 1
 0.85724 1
 0.86306 1
 0.84618 1
 0.85649 1
 0.85699 1
 0.86868 1
 0.86366 1
 0.87423 1
 0.87136 1
 0.86216 1
 0.86905 1
 0.86635 1
 0.86387 1
 0.86877 1
 0.87579 1
 0.87348 1
 0.87573 1
 0.86536 1
 0.86749 1
 0.86762 1
 0.85204 1
 0.84565 1
 0.83342 1
 0.83179 1
 0.83674 1
 0.84733 1
 0.85489 1
 0.86859 1
 0.87273 1
 0.87521 1
 0.86471 1
 0.85780 1
 0.84670 1
 0.85768 1
 0.85320 1
 0.86072 1
 0.85075 1
 0.84046 1
 0.84371 1
 0.82762 1
 0.83741 1
 0.82413 1
 0.83037 1
 0.81036 1
 0.82596 1
 0.84484 1
 0.84901 1
 0.83105 1
 0.83015 1
 0.84680 1
 0.84696 1
 0.84354 1
 0.84714 1
 0.85088 1
 0.85069 1
 0.84621 1
 0.83150 1
 0.83348 1
 0.84297 1
 0.83657 1
 0.83526 1
 0.81371 1
 0.81730 1
 0.81205 1
 0.82528 1
 0.81823 1
 0.81649 1
 0.80866 1
 0.82124 1
 0.81421 1
 0.83180 1
 0.84163 1
 0.85038 1
 0.84889 1
 0.82895 1
 0.82774 1
 0.81250 1
 0.81170 1
 0.83030 1
 0.80861 1
 0.79910 1
 0.79063 1
 0.77640 1
 0.78842 1
 0.78970 1
 0.77957 1
 0.76837 1
 0.76164 1
 0.76567 1
 0.77227 1
 0.76041 1
 0.75803 1
 0.75538 1
 0.74942 1
 0.75218 1
 0.76106 1
 0.76773 1
 0.78014 1
 0.78685 1
 0.77611 1
 0.78387 1
 0.78909 1
 0.78554 1
 0.79866 1
 0.81800 1
 0.80060 1
 0.79374 1
 0.80814 1
 0.80736 1
 0.80870 1
 0.79256 1
 0.79363 1
 0.78523 1
 0.77551 1
 0.78182 1
 0.76844 1
 0.75518 1
 0.74435 1
 0.73121 1
 0.71424 1
 0.71002 1
 0.69756 1
 0.68691 1
 0.68463 1
 0.68129 1
 0.68231 1
 0.67508 1
 0.67079 1
 0.68154 1
 0.68847 1
 0.70200 1
 0.69634 1
 0.70010 1
 0.70540 1
 0.69263 1
 0.67715 1
 0.66200 1
 0.65644 1
 0.64564 1
 0.66029 1
 0.65269 1
 0.64887 1
 0.65107 1
 0.66914 1
 0.66034 1
 0.66398 1
 0.65483 1
 0.66781 1
 0.67877 1
 0.67243 1
 0.67206 1
 0.67447 1
 0.67744 1
 0.67338 1
 0.67600 1
 0.67976 1
 0.67297 1
 0.66515 1
 0.68056 1
 0.67310 1
 0.66367 1
 0.65736 1
 0.65831 1
 0.66590 1
 0.66482 1
 0.66292 1
 0.66379 1
 0.67309 1
 0.67412 1
 0.67523 1
 0.66128 1
 0.66443 1
 0.66891 1
 0.66877 1
 0.67251 1
 0.67052 1
 0.67295 1
 0.64684 1
 0.64771 1
 0.64688 1
 0.64203 1
 0.63573 1
 0.63495 1
 0.63615 1
 0.62873 1
 0.63601 1
 0.63418 1
 0.62806 1
 0.61894 1
 0.61922 1
 0.61166 1
 0.60928 1
 0.59695 1
 0.60655 1
 0.61100 1
 0.62289 1
 0.64162 1
 0.65422 1
 0.64776 1
 0.66700 1
 0.64968 1
 0.65649 1
 0.64180 1
 0.63592 1
 0.63575 1
 0.63728 1
 0.63966 1
 0.63312 1
 0.63356 1
 0.61629 1
 0.60602 1
 0.59314 1
 0.59116 1
 0.59271 1
 0.59002 1
 0.58174 1
 0.56623 1
 0.55702 1
 0.58493 1
 0.58791 1
 0.59944 1
 0.59767 1
 0.58423 1
 0.59382 1
 0.60422 1
 0.60321 1
 0.60693 1
 0.61471 1
 0.62570 1
 0.64023 1
 0.63477 1
 0.62961 1
 0.61995 1
 0.61686 1
 0.60813 1
 0.60586 1
 0.60746 1
 0.58880 1
 0.58028 1
 0.57794 1
 0.55224 1
 0.54655 1
 0.53811 1
 0.54060 1
 0.54403 1
 0.54009 1
 0.52768 1
 0.53962 1
 0.53534 1
 0.54138 1
 0.53822 1
 0.55089 1
 0.53436 1
 0.55771 1
 0.55040 1
 0.54612 1
 0.55615 1
 0.55140 1
 0.56058 1
 0.55835 1
 0.55579 1
 0.55015 1
 0.54495 1
 0.54136 1
 0.54136 0
 0.53859 1
 0.53987 1
 0.52506 1
 0.52786 1
 0.52791 1
 0.53634 1
 0.52779 1
 0.53961 1
 0.52515 1
 0.54357 1
 0.52877 1
 0.51897 1
 0.51533 1
 0.51747 1
 0.52188 1
 0.51546 1
 0.51311 1
 0.50712 1
 0.50444 1
 0.51335 1
 0.53213 1
 0.53052 1
 0.53397 1
 0.52658 1
 0.53272 1
 0.51254 1
 0.52373 1
 0.51036 1
 0.49730 1
 0.49341 1
 0.50774 1
 0.51389 1
 0.52587 1
 0.52587 0
 0.51599 1
 0.50778 1
 0.51321 1
 0.51995 1
 0.51168 1
 0.50007 1
 0.48736 1
 0.47834 1
 0.47602 1
 0.47555 1
 0.45339 1
 0.45487 1
 0.45913 1
 0.47050 1
 0.46955 1
 0.45077 1
 0.44556 1
 0.43781 1
 0.42238 1
 0.43279 1
 0.42422 1
 0.42155 1
 0.42647 1
 0.44276 1
 0.43736 1
 0.43850 1
 0.42563 1
 0.44103 1
 0.45841 1
 0.45629 1
 0.44757 1
 0.44241 1
 0.43999 1
 0.43913 1
 0.46103 1
 0.45452 1
 0.45425 1
 0.44653 1
 0.44625 1
 0.43331 1
 0.42847 1
 0.41800 1
 0.43331 1
 0.43795 1
 0.41413 1
 0.41413 0
 0.42299 1
 0.42637 1
 0.42376 1
 0.41081 1
 0.40173 1
 0.40104 1
 0.39723 1
 0.40245 1
 0.39837 1
 0.39947 1
 0.40562 1
 0.41035 1
 0.40272 1
 0.39369 1
 0.39987 1
 0.40891 1
 0.40688 1
 0.40455 1
 0.42519 1
 0.42952 1
 0.42862 1
 0.43046 1
 0.43760 1
 0.43928 1
 0.45701 1
 0.43968 1
 0.44793 1
 0.44340 1
 0.43187 1
 0.43689 1
 0.43750 1
 0.43810 1
 0.45533 1
 0.45263 1
 0.45843 1
 0.47470 1
 0.49626 1
 0.49329 1
 0.50570 1
 0.50808 1
 0.52601 1
 0.53854 1
 0.54515 1
 0.52628 1
 0.50099 1
 0.50171 1
 0.50278 1
 0.49762 1
 0.49334 1
 0.47464 1
 0.47837 1
 0.47827 1
 0.48361 1
 0.47431 1
 0.46232 1
 0.48185 1
 0.47675 1
 0.45444 1
 0.45456 1
 0.43823 1
 0.42907 1
 0.45157 1
 0.44773 1
 0.45113 1
 0.43548 1
 0.44381 1
 0.43696 1
 0.42871 1
 0.43908 1
 0.43160 1
 0.43064 1
 0.44157 1
 0.44920 1
 0.46611 1
 0.45927 1
 0.46040 1
 0.47028 1
 0.46609 1
 0.46673 1
 0.48393 1
