 1.30640 1
 0.91751 1
 0.49312 1
 0.49312 0
 1.79859 1
 1.86360 1
 0.12313 1
 0.12313 0
 -0.19091 1
 1.82377 1
 0.63205 1
 0.63205 0
 1.23357 1
 0.62110 1
 0.80438 1
 0.02863 1
 0.38396 1
 0.38396 0
 0.28404 1
 0.90283 1
 0.90283 0
 1.45604 1
 1.45604 0
 2.67319 1
 2.24862 1
 1.95697 1
 0.47941 1
 0.47941 0
 -0.16869 1
 -0.55894 1
 0.01464 1
 -0.22046 1
 2.43035 1
 2.43035 0
 0.89371 1
 0.55981 1
 1.14118 1
 1.14118 0
 0.53655 1
 0.58384 1
 1.54225 1
 0.42639 1
 -0.04907 1
 -0.04907 0
 -0.25061 1
 1.30248 1
 0.67289 1
 1.64203 1
 0.90031 1
 0.11302 1
 0.38209 1
 2.75917 1
 2.75917 0
 2.67668 1
 3.32435 1
 1.97818 1
 2.16442 1
 2.73438 1
 2.73438 0
 1.80390 1
 1.98219 1
 1.63719 1
 1.63719 0
 0.51310 1
 0.17155 1
 0.92147 1
 0.92147 0
 0.97706 1
 0.90675 1
 0.56579 1
 0.57581 1
 0.90810 1
 1.39697 1
 0.76123 1
 0.28247 1
 0.73236 1
 -1.28463 1
 -0.76331 1
 0.00788 1
 0.00788 0
 0.40683 1
 2.00861 1
 1.65258 1
 0.96955 1
 2.93096 1
 3.88233 1
 3.23521 1
 2.82557 1
 0.98221 1
 0.12208 1
 0.12208 0
 -0.45222 1
 0.90982 1
 1.30629 1
 1.30629 0
 1.49660 1
 1.67123 1
 1.67123 0
 1.22205 1
 0.57995 1
